NAME: 11eil51_d300
COMMENT: CGTSP with one truck and 300 drones.
COMMENT: created from GTSPLIB file 11eil51
TYPE : ACGTSP
DIMENSION : 51
CLUSTERS : 11
SUBCLUSTERS : 11
EDGE_WEIGHT_TYPE: EXPLICIT
EDGE_WEIGHT_FORMAT : FULL_MATRIX
EDGE_WEIGHT_SECTION
1 1177.65 550.447 6269.01 6198.8 6734.39 7058.68 4301.73 5669.13 3685.54 5124.61 4212.09 2795.46 4066 4288.72 3393.09 2565.15 3362.24 5190.05 5012.18 5925.96 5805.47 5585.03 5213.57 5390.17 5325.09 5914.95 6133.92 6147.55 1839.11 3153.17 2401.81 2820.05 2153.08 2585.5 2306.68 2504.22 1702.04 2255.26 2910.48 4705.29 3720.33 5382.34 4746.61 4598.1 3436.84 4697.31 4292.75 5147.46 4127.99 4137.96 
1177.65 1 1336.2 7439.19 7345.61 7863.76 8190.19 5097.45 6430.89 4581.64 6062.15 5382.04 3972.09 5209.52 5464.71 4565.25 3560.11 4525.23 6353.12 6143.22 7004.89 6926.54 6632.06 6307.49 6514.28 6500.6 6998.01 7306.97 7300.06 2108.03 4036.46 3233.42 3550.13 2735.96 3600.8 3043.17 3438.24 1833.88 2940.32 3807.47 5874.73 4771.24 6348.73 5700.3 5679.81 4580.17 5793.97 5308.7 6176.8 5270.39 5226.09 
550.447 1336.2 1 6303.02 6302.29 6866.77 7185.14 3854.07 5213.85 4063.67 5458.48 4264.71 2876.85 3911.51 4255.73 3336.31 2670.86 3265.08 5259.57 5156.67 6133.4 5958.67 5828.89 5410.19 5195.28 5278.18 5664.35 6062.76 6005.09 1944.82 2909.03 2507.51 2665.87 2258.78 2897.19 2412.39 2609.92 1807.74 2360.96 3303.67 4622.74 3436.1 5029.71 4384.02 4346.97 3579.68 4896.33 4579.94 5412.27 4261.69 4355.21 
6269.01 7439.19 6303.02 1 678.882 1115.85 1260.62 5020.4 5233.22 3907.6 3110.74 2321.98 3498.52 2825.46 2433.61 3010 4038.91 3143.24 1829.56 1864.74 1723.39 1476.36 2125.2 1812.31 2639.48 2073.76 2845.08 1956.04 2288.12 6341.3 4872.99 4753.18 5546.56 4843.3 4142.96 4397.02 4045.74 5752.71 4670.33 4342.67 2399.42 3751.48 3898.33 4056.28 3101.87 2913.94 2109.44 2939.24 2422 2307.07 2587.73 
6198.8 7345.61 6302.29 678.882 1 624.785 904.742 5480.8 5813.86 3460.95 2503.23 2084.73 3521.03 3105.91 2292.81 3142.49 4125.74 3316.45 1592.31 1627.49 1314.28 1239.1 1538.38 1575.05 2911.92 1836.51 3433.6 1718.78 2372.03 6471.24 5194.12 4918.45 5834.04 4885.21 3883.39 4331.29 3909.06 5583.88 4471.3 3986.97 2271.5 4108.95 4473.58 4566.05 3571.5 2766.53 1819.14 2478.58 1842.23 2076.33 2242.89 
6734.39 7863.76 6866.77 1115.85 624.785 1 328.749 6079.58 6347 3758.93 2591.94 2661.1 4108.8 3726.78 2915.92 3756.63 4726.74 3935.26 1688.14 1723.39 1605.6 1352.39 1806.5 1649.02 3452.8 2262.85 3915 2132.48 2814.94 7075.07 5817.11 5532.39 6457.79 5470.63 4333.83 4881.34 4430.86 6072.17 4952.41 4362.03 2886.31 4727.98 5010.57 5143.78 4163.67 3300.46 2105.04 2792.66 2025.48 2610.91 2673.73 
7058.68 8190.19 7185.14 1260.62 904.742 328.749 1 6275.52 6470.72 4069.61 2860.52 2963.14 4417.68 3970.09 3186.39 4045.74 5028.13 4217.15 1978.3 2048.66 1702.11 1448.9 1903.01 1943.79 3598.13 2466.69 4009.33 2231.25 2895.42 7374.53 6066.45 5821.5 6718.43 5781.06 4661.2 5202.58 4756.22 6399.85 5280.13 4683.29 3118.02 4963.71 5142.95 5315.89 4356.37 3623.65 2431.97 3108.97 2324.15 2933.31 3001.05 
4301.73 5097.45 3854.07 5020.4 5480.8 6079.58 6275.52 1 1369.49 5824.9 6482.57 3937.58 3298.52 2539.05 3394.85 2992.45 2952.41 2790.64 4573.93 5001.26 6068 5577.83 6107.58 5504.7 2764.39 3817.84 2707.17 4163.89 3658.35 3075.71 2184.81 2730.3 2356.86 3132.84 4801.11 3718.72 4094.49 4735.74 4567.37 5426.76 3229.39 2192.74 1583.66 1635.4 2126.14 4181.33 5197.14 5570.91 5966.35 4434.13 4995.66 
5669.13 6430.89 5213.85 5233.22 5813.86 6347 6470.72 1369.49 1 6903.23 7316.36 4708.55 4424.13 3252.11 4102.85 3977.78 4078.83 3755.29 5100.48 5646.26 6602.2 6062.96 6752.31 6162.45 2902.98 4178.12 2486.68 4241.64 3599.64 4325.44 2543.64 3634.61 2887.74 4439.7 5991 4989.31 5302.54 6090.16 5838.92 6607.23 3767.44 2559.5 1692.84 1444.82 2426.29 5174.65 5960.21 6485.44 6713.42 5270.39 5883.32 
3685.54 4581.64 4063.67 3907.6 3460.95 3758.93 4069.61 5824.9 6903.23 1 1486.32 2506.62 2676.28 3732.14 3080.13 2929.58 3052.36 3148.96 2920.45 2341.37 2701.46 2876.19 2237.51 2175.1 4734.17 3735.94 5468.49 4441.61 4905.66 4790.02 4839.74 3867.67 5106.08 3244 2272.12 2799.26 2516.96 3115.99 2605.58 2118.74 3597.61 4357.07 5834.71 5475.95 4618.76 2173.61 1799.18 1475.67 1763.55 2021.04 1737 
5124.61 6062.15 5458.48 3110.74 2721.36 2870.34 3025.69 6482.57 7316.36 1486.32 1 2608.97 3370.8 4077.13 3216.33 3500.31 4012.73 3742.54 2452.57 2161.57 2341.61 2428.98 2109.63 2078.43 4682.19 3441.79 5377.18 3926.83 4536.83 6073.73 5696.81 4902.02 6112.54 4431.98 2562.48 3616.76 3052.17 4250.23 3229.39 2255.71 3607.55 4939.45 6072.24 5882.19 4894.74 2365.45 1890.47 1482.57 1872.65 2060.31 1682.05 
4212.09 5382.04 4264.71 3397.28 3440.69 3741.19 3891.89 3937.58 4708.55 2904 3384.19 1 1464.72 1476.84 617.298 1128.25 2066.73 1339.89 2905.2 2928.76 3471.83 3321.4 3382.52 3115.75 2885.15 2865.7 3176.77 3258.55 3251.58 4414.99 3342.13 2886.71 3908.56 2827.83 2508.5 2339.91 2227.56 3723.42 2681.11 2784.42 2539.04 2405.54 3484.2 3275.13 2537.19 2218.45 2881.79 2899.99 3225.84 2499.72 2670.55 
3144.9 3972.09 3128.4 3498.52 3521.03 4108.8 4417.68 3298.52 4424.13 2891.69 3370.8 1464.72 1 1538.42 1500.8 674.567 668.943 776.213 2462.01 2451.84 3527.02 3245.27 3341.52 2811.5 2854.85 2537.83 3519.13 3356.63 3458.13 3183.97 2647.54 2419.83 2930.76 2391.89 2549.56 2257.9 2268.62 2990.12 2611.24 2825.48 1959.31 2179.25 3500.69 3038.61 2353.26 2014.72 2397.08 2643.21 3030.94 2036.52 2341.75 
4066 5209.52 3911.51 3135.59 3179.01 3726.78 3970.09 2953.35 3338.84 3732.14 4077.13 1476.84 1538.42 1 910.445 887.885 1674.21 772.117 2643.52 2667.08 3590.08 3118.07 3625.32 3022.3 2623.47 2604.02 2915.09 2996.87 2989.9 3685.75 2655.63 2427.92 2938.84 2477.79 3047.88 2464.56 2486 3929 3171.25 3599.72 2277.36 2187.33 2783.64 2622.12 2275.51 1978.21 2742.93 3235.2 3509.83 2238.04 2632.28 
4288.72 5464.71 4255.73 3326.81 3370.23 3670.73 3821.42 3394.85 4102.85 3080.13 3313.72 617.298 1500.8 910.445 1 924.329 1961.03 1049.1 2834.73 2858.29 3401.36 3250.94 3312.05 3045.28 2814.68 2795.24 3106.3 3188.08 3181.11 4246.62 2922.62 2661.45 3545.18 2782.71 2665.95 2473.38 2281.78 3934.41 2981.54 3118.85 2468.58 2107.46 2974.85 2701.24 2466.72 2147.98 2811.32 2829.53 3155.37 2429.26 2600.08 
3393.09 4565.25 3336.31 3010 3142.49 3756.63 4045.74 2992.45 3977.78 2929.58 3500.31 1128.25 674.567 887.885 924.329 1 1037.83 243.23 2219.26 2242.82 3347.67 2974.91 3258.9 2677.3 2199.22 2179.77 2856.45 2742.75 2796.92 3342.17 2423.23 2195.53 2786.03 2166.08 2164.5 1922.12 1834.93 3126.03 2297.24 2729.17 1853.11 1954.94 2938.51 2547.4 1897.14 1581.03 2280.22 2579.46 3035.18 1813.79 2009.38 
3483.87 4068.84 3510.18 4038.91 4125.74 4726.74 5028.13 3346.61 4078.83 3052.36 4012.73 2066.73 668.943 1674.21 1961.03 1037.83 1 966.884 3054.75 3101.87 4188.01 3887.16 4009.38 3475.85 3014.66 2975.76 3597.89 3761.45 3747.51 3585.32 3048.89 2821.18 3332.1 2791.74 2640.33 2547.78 2448.25 3274.56 2798.12 2916 2322.44 2580.59 3334.99 3015.39 2522.79 2105.25 3007.94 3044.34 3696.04 2243.8 2585.46 
3362.24 4525.23 3265.08 3143.24 3316.45 3935.26 4217.15 2862.05 3755.29 3148.96 3742.54 1339.89 776.213 772.117 1049.1 243.23 966.884 1 2249.18 2451.51 3566.34 3178.21 3490.6 2905.06 2151.92 2132.47 2753.75 2798.72 2791.32 3199.12 2564.32 2336.62 2847.54 2307.17 2332.23 2063.22 1901.69 3166.34 2406.39 2913.91 1805.81 2096.03 2750.31 2530.82 2038.23 1503.85 2516.93 2820.4 3274.29 1766.49 2251.58 
5190.05 6353.12 5259.57 2178.14 1861.23 1907.62 2050.76 4573.93 5100.48 2920.45 2452.57 2207.44 2786.3 2928.2 2473.96 2744.99 3120.23 2860.84 1 658.066 1511.93 1005.07 1673.31 1124.42 3093.1 2445.44 3416.55 2622.89 2947.44 5398.36 4170.41 3845.97 4789.54 3824.92 3038.4 3315.14 2940.63 4644.98 3559.32 3274.3 2608.73 3408.41 3838.54 3797.73 3287.48 2298.27 1627.02 2004.69 1756.28 2009.04 1902.48 
5012.18 6143.22 5156.67 1806.02 1489.11 1723.39 2048.66 5001.26 5646.26 2341.37 1800.76 1858.14 2507.41 2556.08 2101.84 2417.74 3101.87 2527.07 658.066 1 1115.85 803.784 1115.13 517.324 2899.27 2073.32 3581.73 2250.77 2752.77 5437.42 4454.86 3960.6 5018.12 3794.02 2656.26 3165.13 2708.59 4363.61 3247.72 2788.28 2236.61 3490.84 4351.39 4251.15 3231.86 2034.22 1362.97 1626.37 1316.85 1717.28 1638.43 
5925.96 7004.89 6133.4 1723.39 1545.23 1852.02 1997.1 6068 6602.2 2701.46 2234.24 2228.47 3527.02 3590.08 2686.87 3347.67 4188.01 3566.34 1511.93 1115.85 1 557.144 491.427 727.358 3741.74 2439.53 4345.96 2675.85 3348.15 6500.68 5567.19 5060.24 6132.65 4837.28 3412.36 4144.01 3635.33 5179.7 4065.64 3352.94 2868.86 4581.47 5274.19 5256.88 4234.21 2580.64 1597.65 2010.3 1886.09 1946.76 1789.05 
5805.47 6926.54 5958.67 1668.87 1351.96 1514.12 1659.2 5577.83 6062.96 2876.19 1904.13 1848.89 3245.27 3118.07 2232.22 2974.91 3887.16 3178.21 1005.07 803.784 557.144 1 909.404 703.182 3191.11 1936.17 3789.95 2129.97 2796.7 6230.08 5147.03 4730.71 5743.83 4593.97 3391.21 3966.01 3499.49 5129.86 4009.82 3439.03 2357.08 4120.78 4730.71 4736.08 3716.4 2381.01 1259.74 1895.83 1548.19 1699.2 1731.45 
5585.03 6632.06 5828.89 2125.2 1652.82 1959.61 2104.69 6107.58 6752.31 2575.76 2341.82 2183.81 3341.52 3625.32 2716.84 3258.9 4009.38 3490.6 1673.31 1115.13 491.427 909.404 1 604.02 3955.12 2659.81 4602.03 3014.71 3663.79 6271.23 5505.05 4899.25 6026.91 4598.19 3032.45 3860.23 3327.42 4799.97 3698.66 2918.06 2986.39 4585.75 5446 5364.38 4343.88 2347.84 1705.23 2117.88 1993.68 1787.01 1890.09 
5213.57 6307.49 5410.19 1810.23 1290.97 1620.15 1943.79 5504.7 6162.45 2209.84 1975.9 1599.14 2811.5 3022.3 2113.94 2677.3 3475.85 2905.06 1124.42 517.324 727.358 703.182 604.02 1 3399.27 2121.72 4068.64 2576.52 3189.19 5777.81 4918.33 4355.82 5456.58 4112.27 2733.3 3419.05 2915.83 4491.46 3372.4 2744.12 2396.48 3984.68 4865.32 4766.62 3747.91 1854.64 1339.31 1751.96 1627.75 1458.29 1524.16 
5390.17 6514.28 5195.28 2344.52 2911.92 3452.8 3598.13 3020.74 3059.62 4734.17 4682.19 2234.45 2854.85 2050.94 1867.81 2310.17 3014.66 2338.16 2283.66 2899.27 3741.74 3191.11 3955.12 3399.27 1 1304.11 735.325 1408.2 929.683 4829.92 3043.38 3321.6 3659.18 3800.16 4268.04 3805.09 3777.52 5274.54 4476.32 4760.84 1659.36 2476.92 2398.85 2515.55 2081.28 3049.93 3322.96 4026.44 4010.36 2815.24 3438.63 
5325.09 6500.6 5278.18 2700.93 3015.63 3256.33 3303.49 3817.84 4178.12 4033.08 3987.42 2782.77 3058.4 2290.48 2495.33 2727.06 3097.78 2675.71 2771.5 3089.7 3471.81 3193.8 3599.85 3333.15 1304.11 1 1948.25 828.773 1170.94 5196.98 3644.29 3601.47 4324.15 3804.2 3788.13 3518.71 3528.64 4957.59 3966.98 4041.17 2235.31 2519.74 2842.29 2895.42 1958.84 3188.19 3313.53 3674.6 3645.67 3072.28 3382.76 
5914.95 6998.01 5664.35 2804.2 3433.6 3915 4009.33 3271.59 3387.89 5468.49 5377.18 2967.88 3519.13 2301.8 2393.01 2856.45 3597.89 2753.75 2945.33 3581.73 4345.96 3789.95 4602.03 4068.64 735.325 1948.25 1 1784.48 1118.21 5174.26 3294.24 3766.87 3874.39 4339.16 4978.6 4439.75 4459.62 5887.73 5150.94 5484.68 1910.21 2727.77 2719.97 2766.4 2332.13 3778.72 4029.39 4751.53 4693.68 3546.9 4167.86 
6133.92 7306.97 6062.76 2591.75 2906.45 3147.15 3194.31 4163.89 4241.64 4441.61 3926.83 2673.59 3356.63 2224.3 2386.15 2742.75 3761.45 2798.72 2662.31 2980.52 3362.63 3084.62 3490.67 3223.97 1408.2 828.773 1784.48 1 690.314 5908.68 4209.17 4321.53 4911.51 4592.24 4382.24 4330.19 4105.84 5784.88 4791.78 4718.33 2126.13 3076.24 2920.11 3153.5 2284.96 3079.01 3204.35 3565.42 3536.49 2963.1 3273.58 
6147.55 7300.06 6005.09 2147.57 2462.27 2814.94 2895.42 3658.35 3599.64 4905.66 4536.83 2457.95 3458.13 2094.71 2030.22 2796.92 3747.51 2791.32 2218.14 2752.77 3348.15 2796.7 3663.79 3189.19 929.683 1170.94 1118.21 690.314 1 5715.89 3874.91 4170.63 4583.77 4565.44 4682.02 4439.19 4305.28 5918.21 5007.54 5088.67 1681.95 2774.07 2304.24 2621.2 1886.02 3388.07 3263.41 4062.77 3833.22 2968.37 3533.18 
2928.03 3369.68 2721.98 6341.3 6471.24 7075.07 7374.53 3005.33 4325.44 4790.02 6073.73 4414.99 2986.69 3685.75 4246.62 3342.17 2349.77 3199.12 5398.36 5437.42 6500.68 6230.08 6271.23 5777.81 4829.92 5196.98 5174.26 5908.68 5715.89 1 2027.17 1596.53 1457.29 2315.96 3573.02 2648.89 3022.97 3127.82 3067.78 4077.16 4500.5 2970.94 4352.28 3704.48 3902 3929.51 5285.08 5135.42 5903.73 4559.12 4796.46 
3153.17 4036.46 2741.06 4872.99 5194.12 5817.11 6066.45 2854.11 3514.17 4839.74 5696.81 3558.94 2844.79 3194.32 3474.76 3022.53 2526.33 2951 4170.41 4454.86 5567.19 5147.03 5505.05 4918.33 3766.41 3949.94 3938.58 4305.79 4209.39 2027.17 1 1118.98 709.926 2188.63 3735.3 2594.9 3025.51 3552.75 3432.66 4359.3 3601.7 2836.92 3527.59 3203.69 3302.45 3333.72 4527.03 4741.86 5276.71 3734.63 4215.07 
2322.57 3233.42 2116.52 4753.18 4918.45 5532.39 5821.5 2567.01 3634.61 3867.67 4902.02 3271.85 2557.7 2907.22 3187.66 2735.43 2239.24 2663.91 3845.97 3960.6 5060.24 4730.71 4899.25 4355.82 3479.31 3662.84 3766.87 4321.53 4170.63 1596.53 1118.98 1 1239.9 1901.54 2850.86 2294.01 2575.84 2523.51 2583.3 3314.1 3314.6 2549.82 3240.49 2916.59 3015.35 3029.11 3897.33 3933.5 4592.2 3343.91 3482.08 
2820.05 3550.13 2336.55 5546.56 5834.04 6457.79 6718.43 2474.19 3134.25 5106.08 6112.54 3908.56 2744.94 2814.4 3545.18 2786.03 2146.41 2571.09 4789.54 5018.12 6132.65 5743.83 6026.91 5456.58 3659.18 4324.15 3874.39 4911.51 4583.77 1457.29 709.926 1239.9 1 1943.4 3930.6 2734.62 3241.46 3393.82 3513.4 4535.55 3629.84 2457 3147.67 2823.77 2922.53 3760.46 5031.51 5145.02 5757.44 4241.26 4662.52 
3198.18 3646.67 3394.77 4843.3 4885.21 5470.63 5781.06 4456.32 5046.56 3244 4431.98 3058.84 2837.22 3542.8 3302.37 3107.53 3035.82 3199.89 3824.92 3794.02 4837.28 4593.97 4598.19 4112.27 4123.36 3804.2 4485.28 4592.24 4565.44 3781.52 3922.59 3399.99 4010.71 1 2032.4 838.182 1395.19 1672.4 1571.09 2614.41 3572.65 3769.17 4574.24 4355.42 3980.04 2602.44 3614.94 3479.81 4232.09 2905.11 3123.27 
2579.03 3600.8 2897.19 4142.96 3971.91 4333.83 4661.2 4801.11 5991 2976.93 3570.92 3041.68 2410.52 3144.47 3147.18 2742.98 2328.07 2763.14 3502.46 3361.78 3773.57 3744.9 3654.03 3425.7 4268.04 3658.77 4978.6 4382.24 4682.02 3573.02 3735.3 2701.36 3930.6 2032.4 1 1202.34 711.313 1769.95 675.423 627.158 3388.48 3441.13 5078.9 4621.13 3907.62 2601.3 3170.92 3094.83 3470.98 2939.58 2916.56 
2656.58 3105.07 2853.17 4397.02 4331.29 4881.34 5202.58 3914.72 4989.31 2407.7 3616.76 2849.01 2295.62 3001.2 2954.51 2565.92 2494.22 2658.29 3315.14 3169.11 4144.01 3966.01 3860.23 3419.05 3805.09 3506.68 4439.75 4330.19 4439.19 3239.92 3380.99 2858.39 3469.11 838.182 1202.34 1 565.979 1480.96 851.654 1802.01 3195.82 3227.57 4257.66 3813.82 3438.43 2408.64 2978.26 2725.28 3466.26 2746.91 2693 
2346.57 3438.24 2543.16 4045.74 3931.83 4430.86 4756.22 4094.49 5302.54 2552.12 3265 3001.6 2370.44 3104.39 3107.1 2702.9 2287.99 2723.06 3462.38 3321.7 3729.74 3704.82 3539.88 3385.62 3777.52 3618.69 4459.62 4105.84 4305.28 3022.97 3070.98 2548.38 3241.46 1395.19 711.313 565.979 1 1709.84 704.92 1336.99 3348.4 3058.64 4444.49 3956.08 3446.56 2561.22 3130.84 2877.86 3311.85 2899.5 2845.59 
2791.79 3240.29 2988.39 5752.71 5583.88 6072.17 6399.85 4735.74 6090.16 2784.1 4250.23 3723.42 2461.1 3929 3934.41 3126.03 2629.43 3166.34 4644.98 4363.61 5179.7 5129.86 4799.97 4491.46 5274.54 4957.59 5887.73 5784.88 5918.21 3375.13 3552.75 2993.6 3604.33 1672.4 1769.95 1480.96 1709.84 1 1121.42 2004.83 4417.03 3837.5 5573.17 4977.03 4613.35 2842.67 3981.9 3475.94 4343.92 3519.22 3411.39 
2190.2 2940.32 2386.79 4670.33 4471.3 4952.41 5280.13 4567.37 5838.92 2669.39 3263.38 2681.11 1978.16 3171.25 2981.54 2310.62 2027.84 2406.39 3559.32 3247.72 4065.64 4009.82 3698.66 3372.4 4476.32 3966.98 5150.94 4791.78 5007.54 2975.76 3432.66 2392.01 3513.4 1571.09 675.423 851.654 704.92 1121.42 1 1102.44 3499.95 3355.88 5071.24 4548.14 3969.98 2177.37 2861.86 2787.29 3251.7 2507.22 2609.02 
2910.48 3807.47 3303.67 4342.67 4185.54 4478.25 4683.29 5426.76 6607.23 3364.94 3958.93 3198.26 2567.1 3599.72 3303.76 2899.57 2585.76 2919.72 3659.04 3639.95 4161.58 4039.92 4042.04 3799.07 4760.84 3943.56 5484.68 4718.33 5088.67 4077.16 4359.3 3314.1 4535.55 2614.41 627.158 1802.01 1336.99 2004.83 1102.44 1 3659.42 4052.47 5662.6 5224.96 4474.19 2872.92 3550.41 3482.84 3858.99 3195.49 3304.57 
4705.29 5874.73 4622.74 3621.65 3887.41 4165.39 4251.45 3229.39 3767.44 4567.97 4686.74 3392.72 3400.97 2702.49 3084.75 3119.88 3318.12 3025.78 3541.49 3826.32 4287.71 4015.98 4373.62 4083.28 2466.73 3071.76 2429.36 3170.25 2904.1 4500.5 2958.14 3246.42 3629.84 3607.48 4190.07 3779.45 3872.87 4437.21 4186.24 4481.92 1 1846.7 2475.93 2390.26 1366.98 3691.01 4002.58 4299.96 4370.66 3683.11 3997.02 
3852.5 4771.24 3676.19 3751.48 4108.95 4727.98 4963.71 2845.83 3114.85 4357.07 4939.45 2903.44 2911.68 2213.2 2595.46 2630.59 2828.83 2536.49 3123.13 3490.84 4581.47 4120.78 4585.75 3984.68 1942.75 2582.48 2235.3 3076.24 2774.07 3481.38 2710.2 2757.13 3046.05 3118.19 3700.79 3290.16 3383.58 3947.92 3696.95 4052.47 1846.7 1 1742 1193.95 933.61 3201.72 3657.98 4035.19 4426.54 3193.82 3507.73 
5382.34 6348.73 5029.71 3898.33 4473.58 5010.57 5142.95 3265.32 3534.34 5834.71 6072.24 3484.2 3500.69 2103.74 2868.26 2938.51 3334.99 2750.31 3781.74 4351.39 5274.19 4730.71 5446 4865.32 2220.2 2842.29 2587.1 2920.11 2548.37 4352.28 3129.69 3191.59 3465.54 3913.71 5078.9 4257.66 4444.49 5573.17 5071.24 5662.6 2475.93 1742 1 651.007 1218.65 4080.78 4703.91 5298.68 5440.07 4064.98 4692.79 
4746.61 5700.3 4384.02 4056.28 4566.05 5143.78 5315.89 3208.2 3477.22 5475.95 5882.19 3275.13 3038.61 2025.49 2677.14 2547.4 2787.78 2332.74 3745.95 4251.15 5256.88 4736.08 5364.38 4766.62 2163.08 2895.42 2529.98 3153.5 2621.2 3843.75 3072.58 3046.38 3408.42 3308.44 4621.13 3715.14 3956.08 4977.03 4548.14 5224.96 2390.26 1193.95 651.007 1 1024.33 3737.27 4534.64 5041.96 5294.86 3830.4 4440.46 
4598.1 5679.81 4346.97 3101.87 3571.5 4163.67 4356.37 2526.02 2795.04 4618.76 4894.74 2554.54 2562.78 1864.3 2246.56 2281.69 2479.93 2187.59 2723.4 3231.86 4234.21 3716.4 4343.88 3747.91 1593.85 2233.58 1847.8 2284.96 2009.44 3902 2390.39 2450.57 2726.24 3029.04 3907.62 3202.11 3308.37 4613.35 3969.98 4474.19 1366.98 933.61 1218.65 1024.33 1 2864.95 3535.24 4091.83 4288.55 2862.5 3486.07 
3917.92 4580.17 4050.32 2913.94 2766.53 3300.46 3623.65 4327.36 5174.65 2225.96 2365.45 2361.89 2859.66 3099.1 2653.69 2861.78 3192.2 2981.33 2222.33 1900.88 2580.64 2381.01 2347.84 1854.64 3349.37 2719.59 3778.72 3078.88 3388.07 4296.05 3982.54 3640.29 4222.91 3460.23 2634.65 3077.32 2804.29 3516.15 2970.04 2566.35 2826.9 3557.46 4080.78 3991.62 3488.46 1 1356.57 1410.24 2016.28 692.241 905.789 
4697.31 5793.97 4896.33 2361.35 2287.65 2554.61 2716.21 5197.14 5960.21 1799.18 2087.11 1531.26 2340.23 2742.93 1859.24 2280.22 3007.94 2516.93 1806.45 1694.8 2194.7 2094.89 2078.3 1831.7 3322.96 2121.36 4029.39 2716.9 3263.41 5285.08 4527.03 3897.33 5031.51 3614.94 2231.1 2907.33 2399.98 3981.9 2861.86 2289.27 2237.8 3657.98 4703.91 4534.64 3535.24 1356.57 1 839.043 770.338 794.026 571.946 
4292.75 5308.7 4579.94 2939.24 2478.58 2792.66 3108.97 5570.91 6485.44 1817.63 2122.89 1822.87 2405.5 3235.2 2437.78 2579.46 3044.34 2820.4 2004.69 1730.58 2230.48 2130.67 2114.08 1867.48 4026.44 2901.58 4751.53 3543.03 4062.77 5135.42 4741.86 3933.5 5145.02 3479.81 1870.91 2678.12 2117.75 3475.94 2391.38 1906.36 2899.57 4035.19 5298.68 5041.96 4091.83 1410.24 839.043 1 870.668 1236.33 606.957 
5147.46 6176.8 5412.27 2801.16 2727.45 2994.42 3156.01 5966.35 6713.42 2221.66 2526.91 2035.41 3030.94 3509.83 2619 3035.18 3696.04 3274.29 2246.25 2134.6 2634.51 2534.69 2518.11 2271.5 4010.36 2750.8 4693.68 3221.03 3833.22 5903.73 5276.71 4592.2 5757.44 4232.09 2580.93 3466.26 2920.2 4343.92 3251.7 2444.33 2965.43 4426.54 5440.07 5294.86 4288.55 2016.28 770.338 870.668 1 1548.22 1116.22 
4127.99 5270.39 4261.69 2293.84 2076.33 2610.91 2933.31 4434.13 5270.39 1946.85 2060.31 2049.85 2547.61 2787.06 2341.64 2549.74 2880.16 2669.29 1910.28 1588.84 1946.76 1772.14 1787.01 1421.17 3037.33 2407.54 3546.9 2642.66 2968.37 4559.12 3734.63 3328.25 4241.26 3148.19 2322.61 2765.27 2492.25 3519.22 2657.99 2254.31 2514.86 3245.41 4064.98 3830.4 3176.42 692.241 794.026 1236.33 1548.22 1 632.508 
4137.96 5226.09 4355.21 2587.73 2242.89 2673.73 3001.05 4995.66 5883.32 1625.92 1786.59 1761.85 2259.62 2632.28 2053.65 2261.74 2592.16 2381.29 1622.29 1394.28 1894.18 1794.37 1777.78 1531.18 3438.63 2363.69 4167.86 3060.67 3533.18 4796.46 4215.07 3482.08 4662.52 3123.27 2034.61 2477.28 2204.25 3411.39 2370 1966.31 2305.72 3454.45 4692.79 4440.46 3486.07 905.789 571.946 606.957 1116.22 632.508 1 
CGTSP_NODE_SECTION
1	1 1
2	1 1
3	1 1
4	2 1
5	2 1
6	2 1
7	2 1
8	3 1
9	3 1
10	4 1
11	4 1
12	5 1
13	5 1
14	5 1
15	5 1
16	5 1
17	5 1
18	5 1
19	6 1
20	6 1
21	6 1
22	6 1
23	6 1
24	6 1
25	7 1
26	7 1
27	7 1
28	7 1
29	7 1
30	8 1
31	8 1
32	8 1
33	8 1
34	9 1
35	9 1
36	9 1
37	9 1
38	9 1
39	9 1
40	9 1
41	10 1
42	10 1
43	10 1
44	10 1
45	10 1
46	11 1
47	11 1
48	11 1
49	11 1
50	11 1
51	11 1
-1
EOF
