NAME: 11eil51_d0
COMMENT: CGTSP with one truck and 0 drones.
COMMENT: created from GTSPLIB file 11eil51
TYPE : ACGTSP
DIMENSION : 51
CLUSTERS : 11
SUBCLUSTERS : 51
EDGE_WEIGHT_TYPE: EXPLICIT
EDGE_WEIGHT_FORMAT : FULL_MATRIX
EDGE_WEIGHT_SECTION
1 1177.65 550.447 6269.01 6198.8 6734.39 7058.68 4301.73 5669.13 3685.54 5124.61 4212.09 2795.46 4066 4288.72 3393.09 2401.09 3362.24 5190.05 5012.18 5925.96 5805.47 5585.03 5213.57 5390.17 5325.09 5914.95 6133.92 6147.55 1591.87 3153.17 2195.98 2820.05 1591.29 2579.03 1875.94 2307.18 947.013 1904.69 2910.48 4705.29 3720.33 5382.34 4746.61 4598.1 3436.84 4697.31 4292.75 5147.46 4127.99 4137.96 
1177.65 1 1336.2 7439.19 7345.61 7863.76 8190.19 5097.45 6430.89 4581.64 6062.15 5382.04 3972.09 5209.52 5464.71 4565.25 3560.11 4525.23 6353.12 6143.22 7004.89 6926.54 6632.06 6307.49 6514.28 6500.6 6998.01 7306.97 7300.06 2108.03 4036.46 3233.42 3550.13 2735.96 3600.8 3043.17 3438.24 1833.88 2940.32 3807.47 5874.73 4771.24 6348.73 5700.3 5679.81 4580.17 5793.97 5308.7 6176.8 5270.39 5226.09 
550.447 1336.2 1 6303.02 6302.29 6866.77 7185.14 3854.07 5213.85 4063.67 5458.48 4264.71 2806.51 3911.51 4255.73 3336.31 2304.15 3265.08 5259.57 5156.67 6133.4 5958.67 5828.89 5410.19 5195.28 5278.18 5664.35 6062.76 6005.09 1044.51 2741.06 1898.77 2336.55 1475.06 2897.19 1995.7 2503.68 1436.71 2237.15 3303.67 4622.74 3436.1 5029.71 4384.02 4346.97 3579.68 4896.33 4579.94 5412.27 4261.69 4355.21 
6269.01 7439.19 6303.02 1 678.882 1115.85 1260.62 5020.4 5233.22 3907.6 3110.74 2058.22 3498.52 2780.75 2095.83 3010 4038.91 3143.24 1112.07 1570.77 1723.39 1216.96 2125.2 1810.23 2344.52 1233.22 2804.2 1027.77 1716.36 6341.3 4872.99 4753.18 5546.56 4843.3 4142.96 4397.02 4045.74 5752.71 4670.33 4342.67 1917.86 3751.48 3898.33 4056.28 3101.87 2913.94 2109.44 2939.24 2422 2259.51 2587.73 
6198.8 7345.61 6302.29 678.882 1 624.785 904.742 5480.8 5813.86 3460.95 2503.23 2062.16 3521.03 3105.91 2292.81 3142.49 4125.74 3316.45 1074.56 1228.37 1058.42 608.82 1491.39 1290.97 2911.92 1672.38 3433.6 1683.97 2372.03 6471.24 5194.12 4918.45 5834.04 4885.21 3883.39 4331.29 3909.06 5583.88 4471.3 3986.97 2271.5 4108.95 4473.58 4566.05 3571.5 2766.53 1698.9 2478.58 1842.23 2076.33 2242.89 
6734.39 7863.76 6866.77 1115.85 624.785 1 328.749 6079.58 6347 3758.93 2591.94 2661.1 4108.8 3726.78 2915.92 3756.63 4726.74 3935.26 1688.14 1723.39 1093.73 944.178 1584.16 1620.15 3452.8 2262.85 3915 2132.48 2814.94 7075.07 5817.11 5532.39 6457.79 5470.63 4333.83 4881.34 4430.86 6072.17 4952.41 4362.03 2886.31 4727.98 5010.57 5143.78 4163.67 3300.46 2105.04 2792.66 2025.48 2610.91 2673.73 
7058.68 8190.19 7185.14 1260.62 904.742 328.749 1 6275.52 6470.72 4069.61 2860.52 2963.14 4417.68 3970.09 3186.39 4045.74 5028.13 4217.15 1978.3 2048.66 1383.05 1271.88 1870.44 1943.79 3598.13 2466.69 4009.33 2231.25 2895.42 7374.53 6066.45 5821.5 6718.43 5781.06 4661.2 5202.58 4756.22 6399.85 5280.13 4683.29 3118.02 4963.71 5142.95 5315.89 4356.37 3623.65 2431.97 3108.97 2324.15 2933.31 3001.05 
4301.73 5097.45 3854.07 5020.4 5480.8 6079.58 6275.52 1 1369.49 5824.9 6482.57 3937.58 3298.52 2485.45 3394.85 2992.45 2845.76 2751.69 4573.93 5001.26 6068 5577.83 6107.58 5504.7 2764.39 3817.84 2707.17 4163.89 3658.35 3005.33 1184.04 2293.64 1550.12 3104.14 4801.11 3718.72 4094.49 4735.74 4567.37 5426.76 3229.39 1544.8 1559.7 1044.57 1920.16 4181.33 5197.14 5570.91 5966.35 4434.13 4995.66 
5669.13 6430.89 5213.85 5233.22 5813.86 6347 6470.72 1369.49 1 6903.23 7316.36 4708.55 4424.13 3252.11 4102.85 3977.78 4078.83 3755.29 5100.48 5646.26 6602.2 6062.96 6752.31 6162.45 2902.98 4178.12 2486.68 4241.64 3599.64 4325.44 2543.64 3634.61 2887.74 4439.7 5991 4989.31 5302.54 6090.16 5838.92 6607.23 3767.44 2559.5 1341.33 1444.82 2426.29 5174.65 5960.21 6485.44 6713.42 5270.39 5883.32 
3685.54 4581.64 4063.67 3907.6 3460.95 3758.93 4069.61 5824.9 6903.23 1 1486.32 2506.62 2527.55 3732.14 3080.13 2929.58 3052.36 3148.96 2920.45 2341.37 2701.46 2876.19 2237.51 2175.1 4734.17 3735.94 5468.49 4441.61 4905.66 4790.02 4839.74 3867.67 5106.08 3244 1222.15 2407.7 1868.97 2784.1 1834.41 780.267 3597.61 4357.07 5834.71 5475.95 4618.76 1754.94 1799.18 983.381 1763.55 1946.85 1382.34 
5124.61 6062.15 5458.48 3110.74 2503.23 2591.94 2860.52 6482.57 7316.36 1486.32 1 2608.97 3370.8 4077.13 3216.33 3500.31 4012.73 3742.54 2452.57 1800.76 1506.45 1904.13 1023.84 1351.82 4682.19 3441.79 5377.18 3926.83 4536.83 6073.73 5696.81 4902.02 6112.54 4431.98 2562.48 3616.76 3052.17 4250.23 3229.39 2255.71 3607.55 4939.45 6072.24 5882.19 4894.74 2365.45 1370.85 969.577 706.825 2060.31 1492.23 
4212.09 5382.04 4264.71 2058.22 2062.16 2661.1 2963.14 3937.58 4708.55 2506.62 2608.97 1 1464.72 1476.84 617.298 1128.25 2066.73 1339.89 998.295 1114.24 2228.47 1848.89 2183.81 1586 2234.45 1322.74 2967.88 2129.37 2457.95 4414.99 3342.13 2886.71 3908.56 2827.83 2255.29 2339.91 2016.85 3723.42 2681.11 2631.8 1096.37 2405.54 3484.2 3275.13 2289.94 950.886 1267.38 1822.87 2035.41 589.205 1220.54 
2795.46 3972.09 2806.51 3498.52 3521.03 4108.8 4417.68 3298.52 4424.13 2527.55 3370.8 1464.72 1 1538.42 1500.8 674.567 668.943 776.213 2462.01 2451.84 3527.02 3245.27 3341.52 2811.5 2854.85 2537.83 3519.13 3356.63 3458.13 2986.69 2352.99 1562.82 2744.94 1365.21 1584.77 983.45 956.345 2461.1 1633.84 2188.56 1959.31 1866.36 3500.69 3038.61 2353.26 1019.09 2340.23 2405.5 3030.94 1581.29 1923.75 
4066 5209.52 3911.51 2780.75 3105.91 3726.78 3970.09 2485.45 3252.11 3732.14 4077.13 1476.84 1538.42 1 910.445 887.885 1674.21 772.117 2117.85 2516.93 3590.08 3118.07 3625.32 3022.3 1347.59 1561.42 1983.3 2224.3 2094.71 3685.75 2098.5 2103.74 2766.87 2477.79 3047.88 2464.56 2486 3929 3171.25 3599.72 863.975 1007.92 2103.74 1810.09 888.091 1978.21 2742.93 3235.2 3509.83 2021.8 2632.28 
4288.72 5464.71 4255.73 2095.83 2292.81 2915.92 3186.39 3394.85 4102.85 3080.13 3216.33 617.298 1500.8 910.445 1 924.329 1961.03 1049.1 1249.02 1607.49 2686.87 2232.22 2716.84 2113.94 1659.63 1038.32 2393.01 1858.03 2030.22 4246.62 2922.62 2661.45 3545.18 2782.71 2665.95 2473.38 2281.78 3934.41 2981.54 3118.85 542.376 1895.95 2868.26 2677.14 1679.42 1401.06 1859.24 2437.78 2619 1202.57 1833.77 
3393.09 4565.25 3336.31 3010 3142.49 3756.63 4045.74 2992.45 3977.78 2929.58 3500.31 1128.25 674.567 887.885 924.329 1 1037.83 243.23 2069.95 2233.4 3347.67 2974.91 3258.9 2677.3 2182.88 1943.95 2856.45 2742.75 2796.92 3342.17 2248.58 1777.05 2786.03 1862.32 2164.5 1646.09 1604.27 3126.03 2297.24 2729.17 1315.6 1460.85 2938.51 2547.4 1746.89 1203.89 2280.22 2579.46 3035.18 1489.06 2009.38 
2401.09 3560.11 2304.15 4038.91 4125.74 4726.74 5028.13 2845.76 4078.83 3052.36 4012.73 2066.73 668.943 1674.21 1961.03 1037.83 1 966.884 3054.75 3101.87 4188.01 3887.16 4009.38 3475.85 3014.66 2975.76 3597.89 3761.45 3747.51 2349.77 1790.48 897.62 2104.17 831.794 1959.61 928.382 1250.64 2296.19 1767.38 2585.76 2322.44 1600.2 3334.99 2787.78 2318.74 1681.25 3007.94 3044.34 3696.04 2243.8 2585.46 
3362.24 4525.23 3265.08 3143.24 3316.45 3935.26 4217.15 2751.69 3755.29 3148.96 3742.54 1339.89 776.213 772.117 1049.1 243.23 966.884 1 2249.18 2451.51 3566.34 3178.21 3490.6 2905.06 2110.75 2025.99 2753.75 2798.72 2791.32 3199.12 2015.45 1613.94 2569.98 1796.64 2332.23 1695.64 1730.94 3166.34 2406.39 2913.91 1358.66 1224.4 2750.31 2332.74 1581.67 1438 2516.93 2820.4 3274.29 1727.35 2251.58 
5190.05 6353.12 5259.57 1112.07 1074.56 1688.14 1978.3 4573.93 5100.48 2920.45 2452.57 998.295 2462.01 2117.85 1249.02 2069.95 3054.75 2249.18 1 658.066 1511.93 1005.07 1673.31 1124.42 2283.66 998.295 2945.33 1539.83 2095.86 5398.36 4170.41 3845.97 4789.54 3824.92 3038.4 3315.14 2940.63 4644.98 3559.32 3274.3 1358.74 3123.13 3781.74 3745.95 2723.4 1804.13 1179.39 2004.69 1756.28 1151.23 1549.1 
5012.18 6143.22 5156.67 1570.77 1228.37 1723.39 2048.66 5001.26 5646.26 2341.37 1800.76 1114.24 2451.84 2516.93 1607.49 2233.4 3101.87 2451.51 658.066 1 1115.85 803.784 1115.13 517.324 2899.27 1642.07 3581.73 2181.78 2752.77 5437.42 4454.86 3960.6 5018.12 3794.02 2656.26 3165.13 2708.59 4363.61 3247.72 2788.28 1880.65 3490.84 4351.39 4251.15 3231.86 1580.83 549.026 1387.07 1113.39 896.47 1030.38 
5925.96 7004.89 6133.4 1723.39 1058.42 1093.73 1383.05 6068 6602.2 2701.46 1506.45 2228.47 3527.02 3590.08 2686.87 3347.67 4188.01 3566.34 1511.93 1115.85 1 557.144 491.427 727.358 3741.74 2439.53 4345.96 2675.85 3348.15 6500.68 5567.19 5060.24 6132.65 4837.28 3412.36 4144.01 3635.33 5179.7 4065.64 3352.94 2868.86 4581.47 5274.19 5256.88 4234.21 2580.64 1238.13 1764.93 944.178 1946.76 1789.05 
5805.47 6926.54 5958.67 1216.96 608.82 944.178 1271.88 5577.83 6062.96 2876.19 1904.13 1848.89 3245.27 3118.07 2232.22 2974.91 3887.16 3178.21 1005.07 803.784 557.144 1 909.404 703.182 3191.11 1891.14 3789.95 2129.97 2796.7 6230.08 5147.03 4730.71 5743.83 4593.97 3391.21 3966.01 3499.49 5129.86 4009.82 3439.03 2357.08 4120.78 4730.71 4736.08 3716.4 2381.01 1164.63 1895.83 1234.85 1699.2 1731.45 
5585.03 6632.06 5828.89 2125.2 1491.39 1584.16 1870.44 6107.58 6752.31 2237.51 1023.84 2183.81 3341.52 3625.32 2716.84 3258.9 4009.38 3490.6 1673.31 1115.13 491.427 909.404 1 604.02 3955.12 2659.81 4602.03 3014.71 3663.79 6271.23 5505.05 4899.25 6026.91 4598.19 3032.45 3860.23 3327.42 4799.97 3698.66 2918.06 2986.39 4585.75 5446 5364.38 4343.88 2347.84 1002.91 1337.1 476.533 1787.01 1482.81 
5213.57 6307.49 5410.19 1810.23 1290.97 1620.15 1943.79 5504.7 6162.45 2175.1 1351.82 1586 2811.5 3022.3 2113.94 2677.3 3475.85 2905.06 1124.42 517.324 727.358 703.182 604.02 1 3399.27 2121.72 4068.64 2576.52 3189.19 5777.81 4918.33 4355.82 5456.58 4112.27 2733.3 3419.05 2915.83 4491.46 3372.4 2744.12 2396.48 3984.68 4865.32 4766.62 3747.91 1854.64 517.324 1193.9 646.158 1233.59 1082.43 
5390.17 6514.28 5195.28 2344.52 2911.92 3452.8 3598.13 2764.39 2902.98 4734.17 4682.19 2234.45 2854.85 1347.59 1659.63 2182.88 3014.66 2110.75 2283.66 2899.27 3741.74 3191.11 3955.12 3399.27 1 1304.11 735.325 1408.2 929.683 4829.92 2950.79 3321.6 3659.18 3800.16 4268.04 3805.09 3777.52 5274.54 4476.32 4760.84 1139.16 1866.36 1562.82 1746.46 959.454 3049.93 3322.96 4026.44 4010.36 2815.24 3438.63 
5325.09 6500.6 5278.18 1233.22 1672.38 2262.85 2466.69 3817.84 4178.12 3735.94 3441.79 1322.74 2537.83 1561.42 1038.32 1943.95 2975.76 2025.99 998.295 1642.07 2439.53 1891.14 2659.81 2121.72 1304.11 1 1948.25 828.773 1170.94 5196.98 3644.29 3601.47 4324.15 3804.2 3575.37 3506.68 3278.86 4957.59 3966.98 3943.56 703.775 2519.74 2842.29 2895.42 1902.44 2270.89 2121.36 2901.58 2750.8 1802.79 2363.69 
5914.95 6998.01 5664.35 2804.2 3433.6 3915 4009.33 2707.17 2486.68 5468.49 5377.18 2967.88 3519.13 1983.3 2393.01 2856.45 3597.89 2753.75 2945.33 3581.73 4345.96 3789.95 4602.03 4068.64 735.325 1948.25 1 1784.48 1118.21 5174.26 3188.35 3766.87 3874.39 4339.16 4978.6 4439.75 4459.62 5887.73 5150.94 5484.68 1872.95 2235.3 1227.63 1671.71 1320.02 3778.72 4029.39 4751.53 4693.68 3546.9 4167.86 
6133.92 7306.97 6062.76 1027.77 1683.97 2132.48 2231.25 4163.89 4241.64 4441.61 3926.83 2129.37 3356.63 2224.3 1858.03 2742.75 3761.45 2798.72 1539.83 2181.78 2675.85 2129.97 3014.71 2576.52 1408.2 828.773 1784.48 1 690.314 5908.68 4209.17 4321.53 4911.51 4592.24 4382.24 4330.19 4105.84 5784.88 4791.78 4718.33 1441.12 3076.24 2920.11 3153.5 2284.96 3078.88 2716.9 3543.03 3221.03 2556.47 3060.67 
6147.55 7300.06 6005.09 1716.36 2372.03 2814.94 2895.42 3658.35 3599.64 4905.66 4536.83 2457.95 3458.13 2094.71 2030.22 2796.92 3747.51 2791.32 2095.86 2752.77 3348.15 2796.7 3663.79 3189.19 929.683 1170.94 1118.21 690.314 1 5715.89 3874.91 4170.63 4583.77 4565.44 4682.02 4439.19 4305.28 5918.21 5007.54 5088.67 1510.4 2774.07 2304.24 2621.2 1886.02 3388.07 3263.41 4062.77 3833.22 2968.37 3533.18 
1591.87 2108.03 1044.51 6341.3 6471.24 7075.07 7374.53 3005.33 4325.44 4790.02 6073.73 4414.99 2986.69 3685.75 4246.62 3342.17 2349.77 3199.12 5398.36 5437.42 6500.68 6230.08 6271.23 5777.81 4829.92 5196.98 5174.26 5908.68 5715.89 1 2027.17 1596.53 1457.29 1674.37 3573.02 2459.31 3022.97 2409.14 2975.76 4077.16 4500.5 2970.94 4352.28 3704.48 3902 3929.51 5285.08 5135.42 5903.73 4559.12 4796.46 
3153.17 4036.46 2741.06 4872.99 5194.12 5817.11 6066.45 1184.04 2543.64 4839.74 5696.81 3342.13 2352.99 2098.5 2922.62 2248.58 1790.48 2015.45 4170.41 4454.86 5567.19 5147.03 5505.05 4918.33 2950.79 3644.29 3188.35 4209.17 3874.91 2027.17 1 1118.98 709.926 1929.03 3735.3 2594.9 3025.51 3552.75 3432.66 4359.3 2958.14 1135.86 2330.15 1680.69 1992.56 3333.72 4527.03 4741.86 5276.71 3734.63 4215.07 
2195.98 3233.42 1898.77 4753.18 4918.45 5532.39 5821.5 2293.64 3634.61 3867.67 4902.02 2886.71 1562.82 2103.74 2661.45 1777.05 897.62 1613.94 3845.97 3960.6 5060.24 4730.71 4899.25 4355.82 3321.6 3601.47 3766.87 4321.53 4170.63 1596.53 1118.98 1 1239.9 811.814 2701.36 1517.66 2005.47 2460.19 2334.25 3314.1 2905.75 1539.67 3191.59 2563.59 2450.57 2577.79 3897.33 3933.5 4592.2 3123.66 3482.08 
2820.05 3550.13 2336.55 5546.56 5834.04 6457.79 6718.43 1550.12 2887.74 5106.08 6112.54 3908.56 2744.94 2766.87 3545.18 2786.03 2104.17 2569.98 4789.54 5018.12 6132.65 5743.83 6026.91 5456.58 3659.18 4324.15 3874.39 4911.51 4583.77 1457.29 709.926 1239.9 1 1943.4 3930.6 2734.62 3241.46 3393.82 3513.4 4535.55 3629.84 1836.32 2937.57 2300.64 2700.78 3760.46 5031.51 5145.02 5757.44 4241.26 4662.52 
1591.29 2735.96 1475.06 4843.3 4885.21 5470.63 5781.06 3104.14 4439.7 3244 4431.98 2827.83 1365.21 2477.79 2782.71 1862.32 831.794 1796.64 3824.92 3794.02 4837.28 4593.97 4598.19 4112.27 3800.16 3804.2 4339.16 4592.24 4565.44 1674.37 1929.03 811.814 1943.4 1 2032.4 838.182 1395.19 1672.4 1571.09 2614.41 3153.14 2192.02 3913.71 3308.44 3029.04 2259.95 3614.94 3479.81 4232.09 2905.11 3123.27 
2579.03 3600.8 2897.19 4142.96 3883.39 4333.83 4661.2 4801.11 5991 1222.15 2562.48 2255.29 1584.77 3047.88 2665.95 2164.5 1959.61 2332.23 3038.4 2656.26 3412.36 3391.21 3032.45 2733.3 4268.04 3575.37 4978.6 4382.24 4682.02 3573.02 3735.3 2701.36 3930.6 2032.4 1 1202.34 711.313 1769.95 675.423 627.158 3205.21 3441.13 5078.9 4621.13 3907.62 1305.62 2231.1 1717.95 2580.93 1888.77 1661.16 
1875.94 3043.17 1995.7 4397.02 4331.29 4881.34 5202.58 3718.72 4989.31 2407.7 3616.76 2339.91 983.45 2464.56 2473.38 1646.09 928.382 1695.64 3315.14 3165.13 4144.01 3966.01 3860.23 3419.05 3805.09 3506.68 4439.75 4330.19 4439.19 2459.31 2594.9 1517.66 2734.62 838.182 1202.34 1 565.979 1480.96 851.654 1802.01 2941.72 2526.92 4257.66 3715.14 3202.11 1586.03 2907.33 2678.12 3466.26 2271.88 2378.85 
2307.18 3438.24 2503.68 4045.74 3909.06 4430.86 4756.22 4094.49 5302.54 1868.97 3052.17 2016.85 956.345 2486 2281.78 1604.27 1250.64 1730.94 2940.63 2708.59 3635.33 3499.49 3327.42 2915.83 3777.52 3278.86 4459.62 4105.84 4305.28 3022.97 3025.51 2005.47 3241.46 1395.19 711.313 565.979 1 1709.84 704.92 1336.99 2796.92 2766.82 4444.49 3956.08 3308.37 1145.47 2399.98 2117.75 2920.2 1833.77 1852.76 
947.013 1833.88 1436.71 5752.71 5583.88 6072.17 6399.85 4735.74 6090.16 2784.1 4250.23 3723.42 2461.1 3929 3934.41 3126.03 2296.19 3166.34 4644.98 4363.61 5179.7 5129.86 4799.97 4491.46 5274.54 4957.59 5887.73 5784.88 5918.21 2409.14 3552.75 2460.19 3393.82 1672.4 1769.95 1480.96 1709.84 1 1121.42 2004.83 4417.03 3837.5 5573.17 4977.03 4613.35 2842.67 3981.9 3475.94 4343.92 3519.22 3411.39 
1904.69 2940.32 2237.15 4670.33 4471.3 4952.41 5280.13 4567.37 5838.92 1834.41 3229.39 2681.11 1633.84 3171.25 2981.54 2297.24 1767.38 2406.39 3559.32 3247.72 4065.64 4009.82 3698.66 3372.4 4476.32 3966.98 5150.94 4791.78 5007.54 2975.76 3432.66 2334.25 3513.4 1571.09 675.423 851.654 704.92 1121.42 1 1102.44 3499.95 3355.88 5071.24 4548.14 3969.98 1760.28 2861.86 2391.38 3251.7 2419.1 2291.64 
2910.48 3807.47 3303.67 4342.67 3986.97 4362.03 4683.29 5426.76 6607.23 780.267 2255.71 2631.8 2188.56 3599.72 3118.85 2729.17 2585.76 2913.91 3274.3 2788.28 3352.94 3439.03 2918.06 2744.12 4760.84 3943.56 5484.68 4718.33 5088.67 4077.16 4359.3 3314.1 4535.55 2614.41 627.158 1802.01 1336.99 2004.83 1102.44 1 3659.42 4052.47 5662.6 5224.96 4474.19 1719 2289.27 1589.15 2444.33 2164.27 1759.47 
4705.29 5874.73 4622.74 1917.86 2271.5 2886.31 3118.02 3229.39 3767.44 3597.61 3607.55 1096.37 1959.31 863.975 542.376 1315.6 2322.44 1358.66 1358.74 1880.65 2868.86 2357.08 2986.39 2396.48 1139.16 703.775 1872.95 1441.12 1510.4 4500.5 2958.14 2905.75 3629.84 3153.14 3205.21 2941.72 2796.92 4417.03 3499.95 3659.42 1 1846.7 2475.93 2390.26 1366.98 1941.42 2237.8 2899.57 2965.43 1679.05 2305.72 
3720.33 4771.24 3436.1 3751.48 4108.95 4727.98 4963.71 1544.8 2559.5 4357.07 4939.45 2405.54 1866.36 1007.92 1895.95 1460.85 1600.2 1224.4 3123.13 3490.84 4581.47 4120.78 4585.75 3984.68 1866.36 2519.74 2235.3 3076.24 2774.07 2970.94 1135.86 1539.67 1836.32 2192.02 3441.13 2526.92 2766.82 3837.5 3355.88 4052.47 1846.7 1 1742 1193.95 933.61 2661.4 3657.98 4035.19 4426.54 2890.68 3454.45 
5382.34 6348.73 5029.71 3898.33 4473.58 5010.57 5142.95 1559.7 1341.33 5834.71 6072.24 3484.2 3500.69 2103.74 2868.26 2938.51 3334.99 2750.31 3781.74 4351.39 5274.19 4730.71 5446 4865.32 1562.82 2842.29 1227.63 2920.11 2304.24 4352.28 2330.15 3191.59 2937.57 3913.71 5078.9 4257.66 4444.49 5573.17 5071.24 5662.6 2475.93 1742 1 651.007 1218.65 4080.78 4703.91 5298.68 5440.07 4064.98 4692.79 
4746.61 5700.3 4384.02 4056.28 4566.05 5143.78 5315.89 1044.57 1444.82 5475.95 5882.19 3275.13 3038.61 1810.09 2677.14 2547.4 2787.78 2332.74 3745.95 4251.15 5256.88 4736.08 5364.38 4766.62 1746.46 2895.42 1671.71 3153.5 2621.2 3704.48 1680.69 2563.59 2300.64 3308.44 4621.13 3715.14 3956.08 4977.03 4548.14 5224.96 2390.26 1193.95 651.007 1 1024.33 3737.27 4534.64 5041.96 5294.86 3830.4 4440.46 
4598.1 5679.81 4346.97 3101.87 3571.5 4163.67 4356.37 1920.16 2426.29 4618.76 4894.74 2289.94 2353.26 888.091 1679.42 1746.89 2318.74 1581.67 2723.4 3231.86 4234.21 3716.4 4343.88 3747.91 959.454 1902.44 1320.02 2284.96 1886.02 3902 1992.56 2450.57 2700.78 3029.04 3907.62 3202.11 3308.37 4613.35 3969.98 4474.19 1366.98 933.61 1218.65 1024.33 1 2864.95 3535.24 4091.83 4288.55 2862.5 3486.07 
3436.84 4580.17 3579.68 2913.94 2766.53 3300.46 3623.65 4181.33 5174.65 1754.94 2365.45 950.886 1019.09 1978.21 1401.06 1203.89 1681.25 1438 1804.13 1580.83 2580.64 2381.01 2347.84 1854.64 3049.93 2270.89 3778.72 3078.88 3388.07 3929.51 3333.72 2577.79 3760.46 2259.95 1305.62 1586.03 1145.47 2842.67 1760.28 1719 1941.42 2661.4 4080.78 3737.27 2864.95 1 1356.57 1410.24 2016.28 692.241 905.789 
4697.31 5793.97 4896.33 2109.44 1698.9 2105.04 2431.97 5197.14 5960.21 1799.18 1370.85 1267.38 2340.23 2742.93 1859.24 2280.22 3007.94 2516.93 1179.39 549.026 1238.13 1164.63 1002.91 517.324 3322.96 2121.36 4029.39 2716.9 3263.41 5285.08 4527.03 3897.33 5031.51 3614.94 2231.1 2907.33 2399.98 3981.9 2861.86 2289.27 2237.8 3657.98 4703.91 4534.64 3535.24 1356.57 1 839.043 770.338 794.026 571.946 
4292.75 5308.7 4579.94 2939.24 2478.58 2792.66 3108.97 5570.91 6485.44 983.381 969.577 1822.87 2405.5 3235.2 2437.78 2579.46 3044.34 2820.4 2004.69 1387.07 1764.93 1895.83 1337.1 1193.9 4026.44 2901.58 4751.53 3543.03 4062.77 5135.42 4741.86 3933.5 5145.02 3479.81 1717.95 2678.12 2117.75 3475.94 2391.38 1589.15 2899.57 4035.19 5298.68 5041.96 4091.83 1410.24 839.043 1 870.668 1236.33 606.957 
5147.46 6176.8 5412.27 2422 1842.23 2025.48 2324.15 5966.35 6713.42 1763.55 706.825 2035.41 3030.94 3509.83 2619 3035.18 3696.04 3274.29 1756.28 1113.39 944.178 1234.85 476.533 646.158 4010.36 2750.8 4693.68 3221.03 3833.22 5903.73 5276.71 4592.2 5757.44 4232.09 2580.93 3466.26 2920.2 4343.92 3251.7 2444.33 2965.43 4426.54 5440.07 5294.86 4288.55 2016.28 770.338 870.668 1 1548.22 1116.22 
4127.99 5270.39 4261.69 2259.51 2076.33 2610.91 2933.31 4434.13 5270.39 1946.85 2060.31 589.205 1581.29 2021.8 1202.57 1489.06 2243.8 1727.35 1151.23 896.47 1946.76 1699.2 1787.01 1233.59 2815.24 1802.79 3546.9 2556.47 2968.37 4559.12 3734.63 3123.66 4241.26 2905.11 1888.77 2271.88 1833.77 3519.22 2419.1 2164.27 1679.05 2890.68 4064.98 3830.4 2862.5 692.241 794.026 1236.33 1548.22 1 632.508 
4137.96 5226.09 4355.21 2587.73 2242.89 2673.73 3001.05 4995.66 5883.32 1382.34 1492.23 1220.54 1923.75 2632.28 1833.77 2009.38 2585.46 2251.58 1549.1 1030.38 1789.05 1731.45 1482.81 1082.43 3438.63 2363.69 4167.86 3060.67 3533.18 4796.46 4215.07 3482.08 4662.52 3123.27 1661.16 2378.85 1852.76 3411.39 2291.64 1759.47 2305.72 3454.45 4692.79 4440.46 3486.07 905.789 571.946 606.957 1116.22 632.508 1 
CGTSP_NODE_SECTION
1	1 1
2	1 2
3	1 3
4	2 1
5	2 2
6	2 3
7	2 4
8	3 1
9	3 2
10	4 1
11	4 2
12	5 1
13	5 2
14	5 3
15	5 4
16	5 5
17	5 6
18	5 7
19	6 1
20	6 2
21	6 3
22	6 4
23	6 5
24	6 6
25	7 1
26	7 2
27	7 3
28	7 4
29	7 5
30	8 1
31	8 2
32	8 3
33	8 4
34	9 1
35	9 2
36	9 3
37	9 4
38	9 5
39	9 6
40	9 7
41	10 1
42	10 2
43	10 3
44	10 4
45	10 5
46	11 1
47	11 2
48	11 3
49	11 4
50	11 5
51	11 6
-1
EOF
