NAME: 40krob200_d0
COMMENT: CGTSP with one truck and 0 drones.
COMMENT: created from GTSPLIB file 40krob200
TYPE : ACGTSP
DIMENSION : 200
CLUSTERS : 40
SUBCLUSTERS : 200
EDGE_WEIGHT_TYPE: EXPLICIT
EDGE_WEIGHT_FORMAT : FULL_MATRIX
EDGE_WEIGHT_SECTION
1 8408.5 4675.75 5266.12 3858.49 10528.6 5655.93 9697.17 5511.21 1571.29 12254.7 5788.59 2816.31 9143.28 9194.68 7602.18 4680.79 14480.9 2474.44 15062.7 8843.31 12977.3 3553.12 6979.86 15198 2116.32 11699.2 12732.5 15926.1 9923.52 4055.83 2245.07 17602.7 2352.51 12785.2 18469 11471.8 13442.8 4495.4 11361.7 5563.54 4908.79 15664.3 2632.85 7011.48 8906.89 15544.4 4280.8 4844.42 7616.09 14274.8 12716.7 6667.75 16085.3 5452.08 9441.09 12699.5 8462.32 13089 4529.68 11048.4 8972.18 15544.9 4454.34 9326.56 7072.23 13838.7 8127.84 13493.4 16113.3 5384.35 12316.3 5116.94 3121.24 14818.8 11925.3 4796.02 4480.17 10484.8 8900.7 3378.28 16314.9 7675.77 11008.5 10277.8 15359.5 13410.6 15752.2 16049.4 3971.37 15796.5 10850.3 787.767 4540.2 4928.07 6264.64 15216.2 9201.16 4231.37 13551.2 15577.4 4827.93 5230.31 5360.08 9292.48 6680.44 13060.5 9762.55 4591.8 14819.9 18035.3 18077.7 9247.3 7859.63 3941.32 6033.79 12861.3 11153.8 5345.14 6140.11 5352.79 17725.3 12900.8 6512.18 6680.44 8995.68 3954.95 12143.2 10243 9601.01 9297.27 6598.84 5952.03 14450.5 6091.2 6797.15 5849.22 9307.59 3896.91 6291.8 13359.9 3902.23 8568.76 13951.3 12128.9 7121.69 9553.52 9273.29 13311.7 6597.42 15195.9 4629.85 10780.3 5532.33 9598.74 4777.91 12428 13441.5 13359.9 8114.97 16011.3 15372.4 9581.58 8678.69 6089.06 5063.64 5533.19 12576.1 9293.02 4687.07 6091.19 14832.5 14825.6 9648.08 9156.3 4046.71 12132.5 8738.01 7742.22 14658.7 6317.52 5440.37 11676.4 672.178 8920.73 17136.7 11467.9 18515.1 12523.9 14338.5 14034.2 11591 11965 5389.74 4595.19 4474.31 6001.28 18052 10850 12424.2 
8408.5 1 4833.3 4695.97 7090.2 9296.96 12674.4 16569.5 5006.01 9272.37 16066.7 5453.36 5993.71 16020.1 15236.6 5363.83 5137.95 15197.6 8721.88 7859.25 13421.8 14846.1 6434.24 15021.8 15372 10070.1 16098.6 6905.88 13742.6 8342.93 5021.94 7198.4 10596.2 7924.32 5730.4 10767.9 10940.7 6033.39 6009.19 3373.76 4814.76 5545.3 15904 7666.01 10260.1 14923 11698.8 6091.59 11341.3 15338.1 15815.6 10497.1 10252.8 11365.6 5121.19 15899.2 18870.7 12190 11262.2 5494.07 17946.5 15287.8 14031.2 5281.97 15911.2 2029.9 12852 14484.4 15062.8 8232.14 7007.12 15130.4 5117.05 10163.9 14658.3 19274.9 5565.81 5428.54 13141.1 3210.87 9364.49 14723.2 14450.9 9169.79 2053.81 8113.33 18117.5 12792.8 8136.18 4797.24 10032.3 19253.9 8875.25 5025.39 4601.95 4025.22 13628.7 15464.7 4510.32 17242.2 14818.4 7179.47 4461.42 4458.46 8063.87 13541.9 5018.54 17986.5 6937.7 15578.2 10058.2 13359.5 15876.1 13493.4 4496.22 4137.99 16328.2 3105.46 5265.2 11518.4 4591.55 9465.5 4686.73 12785.6 4369.41 3797.68 8674.67 4437.82 15509.7 15190.2 17637.9 3852.17 2483.88 6930.34 4818.1 1921.14 14006.9 15511.7 5632.43 3139.12 6498.44 5706.61 9099.96 16690.7 14224.5 8700.71 16422.9 15512.2 17134.2 14006.8 8699.01 5550.25 11451.2 5062.79 15485.4 4725.72 9075.96 16188.1 15670.9 765.416 12926.5 14480.5 16352.2 16666.6 3349.56 5484.47 4588.58 12576.1 15353.1 10791.8 4281.18 15362.4 15672 16402.1 13829.2 7341.64 5533.94 14875.2 672.474 15577 10413.2 4487.13 17410 8203.84 16113.7 9787.82 15740.1 13020.3 4602.52 16648.7 17623.5 14015.3 17290.4 13083.3 4938.16 5176.95 2737.38 9670.71 17374.4 4702.17 
4675.75 4833.3 1 640.137 2268.43 12275.4 7843.96 11971.5 1090.47 4851.64 16912.9 1671.02 4026.84 13799.9 13856.5 3292.91 381.966 18996.3 6440.13 12686.1 9309.51 12765.3 1626.54 11503 19855.7 6782.91 16361.9 8217.75 18558.1 11280.6 706.827 2685.52 13224.9 3247.18 8110.68 15188.7 13931.8 10865.4 1273.28 8203.3 1033.58 1001.89 16910.6 2938.14 10483.9 13556.2 16424 1295.74 6513.91 10506 18949.5 14324.3 5977.13 16179.3 1108.75 14113.8 16357.1 8229.95 15093.4 716.434 15499.9 13643.1 18767.1 453.571 13996.7 2899.61 16740.4 12779.5 13328.4 11441.4 2682.17 16790.4 5573.94 7606.38 18940.9 15822.2 945.269 623.312 9955.52 4244.61 4540.3 19055.8 9708.98 7791.24 6872.96 10718.6 17071.5 13351.4 12811.4 1118.56 14854.8 14496.3 4760.53 194.169 270.161 1590.31 18203.1 13873.7 1116.09 17900.9 19649.7 2592.96 557.402 686.236 10714.6 11335.8 8537.35 13167.4 6683.58 15012.5 13368.4 17305.2 13917.1 12378.3 2785.52 1360.01 17536 6781.28 1114.19 6866.08 701.496 13089.9 9407.35 8044.47 2066.3 7619.8 3860.95 7557.11 14887.3 14241.1 12898.3 1924.11 2742.68 9776 1598.52 2913.73 10375.5 13979.8 877.155 1837.68 8704.56 925.212 6108.86 18433 16283.2 9686.26 14192.6 13946.1 17804 9174.82 13526.4 828.294 9002.3 5913.8 14263.3 117.282 8772.1 18116.2 17974 4218.06 17727.8 19180.4 14230.1 11837 1607.32 1060.22 901.741 10904.2 13958.8 9013.75 1433.35 19474.5 19475.1 14295.1 13579.4 2546.37 7467.99 13391.6 4234.69 19331.4 10056.3 774.258 13620.6 4164.06 11373.6 14491.7 16098.3 16856.4 7982.66 18596.8 17187.5 15730.3 13753.3 10058.3 107.562 344.811 3996.53 13507.7 15425.1 9534.28 
5266.12 4695.97 640.137 1 2448 12679.9 8006.41 11981.3 532.166 5323.35 17519.5 1162.86 4644.29 14350.5 14459 2664.41 606.4 19606.5 7078.39 12473.1 9148.08 12374.4 1994.2 12001.4 19502.6 7379.63 16964.3 7585.71 18369.5 11668.7 1345.47 3191.33 12595.3 3663.02 7524.44 14717 14374.5 10698.1 1329.26 8026.58 416.501 851.12 16427.7 3331.85 11095.9 14165.7 16392.3 1447.83 6670.68 10677.9 19478.8 14619.7 5811.07 16041 598.394 14684.8 16445.7 8014.82 15407.2 887.404 15916.9 14236.6 18711.1 831.234 14562.9 2684 17095.7 13387.3 12919.2 10862.5 2458.89 17429.5 6065.78 8232.72 19294.5 16020.8 873.723 873.718 9630.99 3705.73 4787.18 18422.7 9768.66 7218.02 6690.84 10109.7 17095.9 12752.9 12470.1 1726 14705.4 14685.2 5299.4 733.449 486.282 1026.82 18308 14464.3 1668.74 18135.2 19229.7 2511.39 306.233 241.4 11129 11940.9 8038.91 13349.5 7264.66 14558.6 12771.9 16694.3 14482.8 13010.8 3321.04 798.571 18107.5 6352.96 679.522 6862.39 112.299 12525.2 9130.14 8099.2 1435.35 7777.42 3999.26 7041.58 15500.2 14855.1 13133 1364.29 2886.39 9193.44 967.704 2815.91 10884.1 14571 1383.93 1568.32 8099.41 1398.38 5666.13 18691 16899.5 10242.6 14727 14536.1 18145.7 9342.16 13369.7 891.477 8555.64 6382.25 14863.7 576.745 8154.91 18676 18605 4019.42 17596.4 19151 14771.7 12013.8 1349.38 807.643 269.483 10417.4 14558.1 9650.64 827.11 19957.9 19606 14835 14217.9 2663.85 6867.88 13998.9 4150.78 19806.5 10684.5 223.881 13498.4 4727.74 11438.1 14141 16718.5 16246.1 7482.29 18645.3 17043 16351.1 13597.7 10630.9 693.129 794.5 4269.71 12961 15906.5 9362.33 
3858.49 7090.2 2268.43 2448 1 13644.2 5585.81 9720.92 2321.11 3265.62 15490.8 2258.02 4779.99 12259.2 12620.6 3924.21 1953.66 17585 6222.62 14916.6 7253.9 11112.5 863.707 9809.9 17614.3 5833.26 14964.3 8987.23 19246.7 12764.4 2300.4 1686.42 13746.7 1601.56 9383.35 16774.7 15012.9 13120.1 1128.28 10450.7 2476.36 1650.42 15261.5 1264.35 10750.8 12395.5 18596.3 1005.87 4252.15 8254.77 17052.6 15912.5 4031.24 18446.5 2213.63 12662.2 14092.2 6300.21 16539.1 1599.47 13524.4 12350.1 18912 1816.03 12524.3 5112.35 17671.4 11642.1 11704.8 12635.5 1534.16 15876.6 6971.68 6965.51 18123.8 13593.7 1591.56 1662.76 8225.93 5908.44 2343.87 17893 7446.87 7290.44 9115.89 11687.7 14804.3 12678.1 14870.6 2744.92 17120.2 12259.2 3540.21 2080.28 2489.87 3366.28 18968.8 12550.1 2959.57 15706 18161.2 1002.07 2643.32 2671.35 12134.8 10238.9 10230.4 10924.5 7505.5 13436.4 14313 17475.7 12445.6 11587.2 4291 3169.88 15883 8705.98 2060.85 4651.94 2558.7 14304.3 11575.6 5787.37 3455.2 9733.61 1593.75 9207.92 13681 13084.9 10689.2 3672.08 4959.22 11011.3 2796.52 5174.68 8745.73 12654.7 1593.7 4004.76 9801.45 1500.23 5027.74 16261.3 15901.5 10484 12569.6 12615.5 15699.1 6920.14 15788.2 1560.21 7724.61 7380.71 12990.1 2371.27 8624.52 16368.2 16585.1 6446.5 19858.1 18480.5 12635.1 9589.65 3779.09 1765.16 2624.1 9694.83 12692.8 8542.06 3107.39 17592.1 17312.7 12691.2 12913.6 347.718 8662.65 12219.4 6500.96 17367.7 10115.4 2669.73 11450.2 3193.33 9108.48 16510 14865.5 17174.2 9680.27 16338.2 14974.2 15391.2 11616 8762.6 2166.59 1925.9 6040.1 14813.9 13595.7 11785.5 
10528.6 9296.96 12275.4 12679.9 13644.2 1 14423 13821 13204.7 11955.7 6811.13 13835.4 8867.43 7824.43 6845.99 14565.7 12638.2 6967.73 8115.01 6000.58 16913.3 15025.2 12845.7 9321 7793.96 9423.86 6802.93 13891.5 6775.83 1024.21 11785.1 12128.4 11595.4 12683.1 12403.2 8084.63 1735.06 6077.27 13350.3 7445.7 13046.6 13266.5 10880 12831.9 4017.23 6707.46 5194.73 13233.2 14670 13337.9 7478.79 2285.12 17175.3 5610.86 13277.2 7430.21 10156.8 17910.7 2915.19 12879 8783.45 7080.18 6690.04 12576.3 7533.64 10919.4 4468.79 6884.13 14473.4 11029.9 14863 5894.12 6763.31 8161.45 6680.4 10012.1 13190.8 12762.7 17614.2 12436 13888.2 8275.44 14748.5 17520.7 8267.51 12077.1 9840.63 13657.2 7264.34 11275.8 5368.06 10903.5 11223.3 12366.1 12252.8 12692.3 6067.43 7104.73 11184.9 8609.85 7523.64 14542.3 12378.3 12492.3 1562.99 7333.92 10719.3 11772.7 6183.56 12784.5 10558.7 8908.65 7556.21 6000.58 9562.07 12662.1 7226.36 10499 13340.2 16072.5 12637.4 10059.6 7775.36 15398.1 13275 5501.82 14429.4 11309.5 6528.59 6519.56 11514.3 12702.2 9940.46 11767.5 13407.6 10481.5 9583.94 7078.63 12385.1 11696.5 12706.4 12475 18305.6 8252.22 4974.63 3412.36 7968.7 7104.91 8302.13 13963 5370.31 13028.8 18707.6 6389.76 6847.93 12250.2 16166.9 7338.12 6765.26 10028.2 6226.75 6967.73 7860.46 12594.6 11788 13334.6 12782.1 16740.4 6907.13 6819.31 12854.6 7431.52 7789.25 7868.54 5326.76 13972.9 12904.7 6790.66 9456.73 7523.63 4814.93 12594 13323.3 11128.7 13794 7033.41 6453.43 9122.03 10945.3 8583.45 10202.6 4719.91 13360.2 8567.95 12318.7 12476.5 8464.12 9590.97 8256.67 6702.47 
5655.93 12674.4 7843.96 8006.41 5585.81 14423 1 4331.03 7768.63 4167.04 10474.9 7449.7 8414.14 7749.53 8547.23 8366.77 7538.47 12115.6 7330.54 19361 3436.33 7358.1 6263.77 5541 12033 5603.48 10086.2 11620 13661.9 14440.2 7726.98 5742.92 13327.6 4942.14 12935.5 15873.2 14029 18703.4 6680.41 16031.7 7950.47 7167.17 10465.5 5131.5 10480.6 8519.66 15626.4 6587 1336.86 2672.72 11524.2 15369.5 3543.17 16031.7 7652.62 8215.4 8515.11 3645.19 14955.7 7183.51 8197.72 8252.46 13359.8 7394.06 8073.66 10688.1 13954.2 8046.24 7849.22 14560.4 5929.02 11238.8 10771.9 6680.44 12670.9 8016.28 7133.94 7247.08 5274.46 10932 3347.14 12570.7 2084.45 8087.58 14695.8 13557.2 9242.63 10422.5 18143.6 8048.38 17367.5 6680.41 4891.02 7652.6 8073.45 8815.32 13698.7 8345.88 8319.04 10131.6 12585.5 5616.38 8222.98 8238.7 13973 7223.94 14499.3 5344.55 9991.14 9206.89 14448.7 13474.2 8014.28 8695.78 9054.99 8654.05 10608.9 13762 7500.17 1866.39 8114.54 15125.3 16945.3 1049.57 8686.39 14602.1 4008.69 13623.6 9361.45 9011.78 5150.49 9071.09 10422.9 13862.1 8093.41 10756.4 4970.56 8420.61 7071.71 9573.61 12816.4 6991.55 6011.2 10688.1 11842.8 11554.2 7860.51 8382.36 10162.5 1336.86 18703.4 7133.94 6384.73 11185.8 8753.86 7950.45 9489.53 10969.2 11353.9 12024 14471.8 12912.8 7959.44 4008.69 9352.24 7247.09 8146.49 7566.85 8548.25 7743.85 8548.04 12024 11729.1 7990.76 9736.76 5344.55 12286.5 8375.95 12073.8 11803.5 9702.03 8222.98 6276.89 5419.99 3621.42 17197.8 10194.3 13630 14093.3 10756 9519.02 11642.5 6525.02 5874.98 7739.74 7500.15 11163.7 15440.5 8440.37 17367.5 
9697.17 16569.5 11971.5 11981.3 9720.92 13821 4331.03 1 11615.6 8368.65 7346.21 11132.6 12510.3 6084.21 7064.57 11297.7 11623.8 8260.3 10605.9 15085.8 3238.57 4065.43 10487.2 5365.28 7927.01 8842.9 7197.57 11606.4 9546.53 14620.7 11975.1 10072.4 10196.1 9269.43 13156.4 11671.6 12347.6 16896.4 10721.1 18426.6 11808.7 11136.9 6159.03 9444.28 11451 7262.1 11678 10677 5577.65 2120.89 7636.85 12977.7 6317.67 11904.1 11502.9 6437.75 4474.91 4469.74 12229.1 11266.9 5126.69 6869.15 9319.16 11521.2 6348.75 14568.6 10658 7303.08 4313.87 12349.3 9590.92 8275.58 14592.5 9411.02 8779.48 4228.26 11134.9 11350.7 4081.6 13742.8 7640.52 8294.23 2294.66 8338.43 17989.8 11860.6 5122.79 7233.72 14325 12339.2 13189.7 3049.19 9004.49 11789.6 12165.2 12558.4 9790.19 6801.48 12598.9 6211.16 8453.41 9471.03 12246.6 12221.7 14670.8 7491.82 14675 2050.51 13208.6 5167.1 11154.5 9161.64 6337.81 8333.21 13368.2 12461.5 7166.06 15627.9 11366.3 5121.7 12078.2 11884 17085.4 3935.46 12202.3 18404.1 8136.2 14521.3 7293.43 7337.53 2366.5 12719.4 14673.3 12850 11760.5 14791.8 5795.19 6810.93 11288 13489.9 12548.5 11200.2 7692.37 6743.03 9143.58 13061.4 5882.87 6789.62 6361.86 3143.95 14462.6 11184 5914.8 14928.3 7006.68 12065.8 9038.66 7320.88 7838.05 15812 10377.9 8874.43 5988.97 1613.7 13297.3 11176.2 12051.1 5643.63 6986.57 9628.75 12308.2 8027.88 7685.15 5974.77 8620.92 9427.8 12916.9 7217.05 16116.7 7828.2 10945.3 12175.1 1989.01 9610.5 778.652 12924.6 7491.62 9353.72 14720.2 6681.73 5262.22 9248 2269.81 7032.27 11874 11634.8 15490.4 11943.4 5612.92 17919.4 
5511.21 5006.01 1090.47 532.166 2321.11 13204.7 7768.63 11615.6 1 5402.3 17711.2 632.988 5114.59 14474.6 14682.8 2227.34 881.626 19874.9 7453.39 12667.3 8702.4 11848.7 2060.1 12065.9 19003.3 7624.22 17158.3 7262.17 18427 12191.3 1778.68 3345.27 12267.2 3707.36 7323.95 14638 14903.7 10941.1 1211.93 8279.54 194.169 686.236 15898.4 3362.2 11572 14408.7 16677.1 1390.33 6439.01 10430 19251.4 15110.4 5377.01 16252.5 117.282 14841.5 16089 7548.47 15901.8 984.218 15841.6 14441.7 18828.4 1090.47 14711.8 2977.13 17596.1 13630.6 12390.9 10659.9 2033.42 17798.4 6595.28 8546.75 19631.6 15745 774.258 1033.58 9122.16 3626.05 4651.12 18035.6 9446.1 6708.76 6949.48 9849.33 16691.7 12262.4 12550.4 2207.2 14929 14419.5 5463.71 1114.19 1001.89 1057.48 18612.1 14661.5 2178.14 17823.4 18937.8 2178.35 828.294 716.434 11656.2 12184.6 7974.41 13090.9 7767.98 14027.4 12527.3 16391.5 14631.7 13334.6 3840.67 886.633 18190.1 6387.77 270.161 6515.73 568.674 12338.4 9293.4 7782.97 1201.08 8231.41 3787.71 6960.47 15742.6 15105.6 12917.4 1352.53 3363.35 8991.84 581.191 3182.57 10969.2 14768.4 1630.3 1876.39 7855.71 1613.67 5136.96 18356 17366.3 10759 14821.4 14731.7 17920.3 9099.16 13601.3 901.741 8025.28 6913.26 15079.5 1060.22 7686.31 18687.8 18839.2 4295.23 17762.9 19168.1 14876.9 11760.8 1684.34 557.402 453.571 9886.84 14773.7 10008.2 792.7 19431.2 19085.3 14937 14581.1 2475.46 6641.66 14237.3 4502.25 19346.5 11132.6 623.312 13055.5 4933.74 11109.5 14196.7 16968.9 15949.6 7419 18200 16567.1 16810.4 13139.7 10815.3 1107.16 1108.75 4776.34 12799.2 15909.6 9610.24 
1571.29 9272.37 4851.64 5323.35 3265.62 11955.7 4167.04 8368.65 5402.3 1 12316.2 5486.98 4248.62 9073.79 9364.51 7187.87 4720.51 14542.2 3843.51 16546.9 7276.14 11426.4 3349.31 6680.44 15005.6 2770.75 11770 12189.7 16231 11425.9 4399.36 2174.4 16478.3 1703.44 12644.5 20039.3 12696 14813.4 4220.95 12482.3 5511.2 4725.32 14505.3 2053.46 8210.44 9132.47 16653.3 4023.22 3277.88 6370.68 14162.7 14043.4 5220.71 17289.5 5314.11 9450.38 11913.1 6905.98 14290.7 4461.03 10651.5 9099.88 15819.3 4501.92 9317.44 7622.88 14676.8 8377.49 11955.9 15886.1 4637.94 12618 6634.69 4033.9 15005.6 11206.9 4629.84 4454.34 8918.83 9014.51 1951.52 15971.3 6231.05 9841.63 11272.6 14892.5 12664 14201 17338.6 4509.94 17306.1 9987.18 787.591 4675.76 5120.8 6345.73 15705.7 9306.5 4796.86 13114.7 15505.3 4071.44 5388.65 5484.08 10805.3 6979.86 13359.9 8767.73 6154.23 13372.9 17359.9 17429.6 9237.64 8367.78 5039.49 6120.2 12809.7 11628.8 5176.55 4574.36 5428.04 17524.3 13941.2 4969.07 6598.84 10439.3 2750.78 12355.2 10428.7 9824 8367.89 6680.44 6797.17 14275.5 5949.22 7467.33 5570.83 9412.22 3978.53 6659.51 13060.5 3943.32 7344.45 13606.4 12664 8549.17 9423.67 9373.7 12963.6 5226.83 16762.4 4510.54 9309.05 7058.55 9741.59 4966.78 11334.6 13359.9 13441.5 8833.37 16644.3 15505.3 9476.69 7558.04 6433.97 4870.58 5567.29 11042.8 9440.98 5601.45 6120.2 14753.4 14625 9537.46 9697.95 3319.07 11926.5 8956.38 8603.47 14542.2 7456.5 5533.19 10355.1 1255.77 7605.31 18690.9 11631 17700.8 12803.2 13891.4 13167.1 12179.2 10625.7 5498.33 4751.51 4563.04 7172.7 18052.2 10587.9 13669.6 
12254.7 16066.7 16912.9 17519.5 15490.8 6811.13 10474.9 7346.21 17711.2 12316.2 1 17739.3 13198.7 3245.72 3061.51 18641.3 16931.4 2250.39 10544 9302.98 10563.6 8601.16 15652.3 5682.49 2973.86 10140.9 557.686 14908.4 3918.04 7799.19 16241.4 14373.4 9925.19 14016.4 15029.6 7724.04 5133.79 10829 16533.2 13337.2 17798.4 17040.2 5335.68 14364.5 6994.32 3357.86 5256.99 16338.3 11736.4 7951.58 2048.1 5637.51 13555.6 5817.9 17627.8 2870.78 3371.56 11799.4 4911.65 16740.4 2329.26 3286.7 3507.1 16704.1 3001.22 17653.4 3510.23 4135.16 8184.24 11689.9 16370.4 937.936 12462.2 9317.66 2690.56 3220.78 16942.6 16709.8 10806.8 18644.6 13258.8 4106.11 9179.15 14360.7 14562.5 12447.4 3211.05 9272.21 9648.41 15989.6 7051.33 4298.88 12254.3 16790.4 17148.1 18487.2 3513.73 3061.53 16160.7 2134.73 3324.61 15958.4 17454.8 17596 8161.54 5580.47 14357.8 5477.77 10895.4 6885.63 9788.15 5860.26 3081.22 4582.24 14783 18264 699.819 15776 17491.8 12055.6 17603.5 10018.3 12655.4 10732.5 18911.2 12299.9 14222.4 15379.3 2027.52 2673.88 5474.72 18796.9 16319.1 13359.8 18264 17154.1 6759.93 2954.66 16146 18001.4 14459.8 16143 14906.1 2111.7 1846.37 8210.73 2922.21 2990.35 1756.05 9211.31 8303.84 16811.2 12365.8 12273.7 2656.97 17006.4 13853.9 1243.39 1129.08 16819.6 4465.42 3200.31 2857.81 6703.06 17928.6 17185.7 17786.9 10857.7 2962.77 7965.53 18342.6 2580.95 2626.62 2801 3487.92 15417.9 15692.2 3523.14 16266.3 2420.36 7228.74 17685.6 6513.29 12803.3 7633.96 8061.64 842.146 6309.03 14908.5 2599.27 3794.89 2127.21 6556.7 6905.16 16840.3 16727.9 14873.1 9565.65 2036.1 12088.8 
5788.59 5453.36 1671.02 1162.86 2258.02 13835.4 7449.7 11132.6 632.988 5486.98 17739.3 1 5658.22 14516.2 14847.4 1820.35 1386.72 19274.6 7868.9 12931.8 8144.91 11217.4 2243.08 12064 18394.2 7879.76 17220.3 6945.36 18335.8 12820.8 2321.23 3561.08 11911.4 3787.34 7165.46 14553.3 15535.7 11275.7 1302.43 8642.77 792.607 905.825 15274.9 3436.87 12105.7 14602.3 16994.3 1515.48 6139.03 10081 18704 15707.9 4843.27 16486.3 573.975 14917.8 15587.7 6971.7 16501.8 1344.31 15625.1 14585.6 18737.9 1553.24 14780.5 3437.02 18195.5 13834 11758.9 10469.9 1560.83 18084.3 7218.46 8880.07 19413.5 15323.1 1022.1 1433.28 8502.71 3679.79 4491.99 17539.1 9019.64 6126.91 7328.21 9594.26 16143.9 11700.1 12681.4 2782.62 15203.4 14022.3 5647.58 1652.89 1620.5 1429.14 18826.3 14792.2 2780.6 17328.5 18454.5 1842.41 1460.23 1344.28 12287.9 12402.8 7976.27 12712.1 8348.1 13398.1 12270.8 16020.6 14701.6 13647.2 4449.44 1336.7 18043.5 6524.12 563.422 6078.46 1199.24 12153.1 9549.06 7372.95 1255.06 8803.45 3553.97 6953.09 15913 15298.7 12586.3 1635.31 3966.38 8816.81 648.993 3701.52 11002.6 14897.7 2025.56 2380.56 7637.55 1982.93 4504.98 17825.4 17845 11356.2 14821 14859 17491.2 8764.52 13901.3 1209.3 7393.79 7541.03 15227.5 1660.13 7165.97 18405 18785.3 4717.13 17873.6 18876.3 14888.9 11397.6 2214.92 756.811 1060.58 9261.28 14926.2 10387.5 1176.65 18802.3 18453.6 14944 14935.7 2323.07 6457.64 14427.2 4993.57 18720.1 11627.6 1244.56 12491.2 5173.86 10668.2 14278.6 17115.2 15593.5 7428.02 17605.7 15965.2 17285.8 12561.3 10971 1666.12 1606.22 5397.31 12639.5 15779.6 9959.21 
2816.31 5993.71 4026.84 4644.29 4779.99 8867.43 8414.14 12510.3 5114.59 4248.62 13198.7 5658.22 1 10705.1 10383.7 7305.87 4272.85 14973.7 2847.99 12301.3 11378.4 15557.5 4012.03 9060.73 15932.6 4086.65 12713.5 11905 15545.3 8019.26 3341.84 3328.22 16541.8 4024.09 11304.6 15791.7 10284.2 10630.2 4689.06 8622.38 5053.99 4814.03 18157.4 4073.39 6458.44 10043.4 14009.1 4522.52 7451.73 10417.8 15125.4 11144.9 8613.36 14289.7 5121.99 10850.6 14934.1 10742 11762.3 4363.35 12882.8 10256 15351.2 4113.39 10777.6 5226.11 13108.8 9327.93 16125.9 14214.4 6119.22 12833.7 2443.3 4271.33 15000.5 14131.7 4707.15 4257.71 12784.2 7507.05 5616.64 16871.2 10467.5 11763.2 7650.85 13936.9 15510.7 17345.1 13234.4 2919.37 13489.5 13306.2 3539.38 4011.83 4165.28 5354.69 14769.6 10491.4 3014.05 15119.7 15964.5 5713.02 4438.55 4593.27 7380.34 8004.32 10979.6 12389.5 2762.31 17619 16036.6 17740.4 10708.4 8665.01 1679.56 5165.39 13896.6 9025.56 5097.42 8577.27 4674.69 15397.6 10180.8 9188.76 5968.47 6199.11 5750.52 10255 11269.5 10651 11882.3 5619.49 3779.85 12784.2 5610.38 4796.85 8015.7 10585.8 3726.27 4877.35 12036 3798.88 9756.4 15285.6 12258.4 5795.23 11158.1 10562.3 14771.8 9410.06 12588.6 4515.68 12502.9 2877.86 10779.5 4070.85 12797.3 14420.8 14071.8 5908.56 15088.4 15476.1 11146.4 11418 4754.7 4938.51 4879.32 14471.4 10504.5 5321.78 5310.56 15476.5 15688.7 11213.9 9714.55 5106.53 10835.1 9908.05 5373.12 15418.2 6050.41 4707.18 14483.8 2999.35 11733.2 14453.6 12360.7 17839.4 10516 15770.4 16249.6 11708 14776.1 7172.32 4009.81 4053.42 3344.35 15499.5 12507.3 9622.46 
9143.28 16020.1 13799.9 14350.5 12259.2 7824.43 7749.53 6084.21 14474.6 9073.79 3245.72 14516.2 10705.1 1 984.026 15978.7 13746.5 5474.52 7862.77 12196.5 9096.51 9138.21 12417.4 2464.59 6067.56 7067.58 2707.32 17149.8 7162.61 8546.68 13198.1 11162.9 12763.8 10772.3 18063.6 10966.5 6626.25 13363.1 13288.5 15267.6 14577.4 13797.8 7511.43 11120.1 5805.24 1195.66 8320.43 13094.5 8856.9 5668.96 5158.3 7734.35 11226.7 8936.54 14386.9 466.89 4414.49 10213.2 7221.14 13519.9 2212.41 799.141 6751.8 13520.5 326.285 15930.2 6326.86 1539.72 8979.61 14819.7 13309.8 3699.27 10964.3 6474.67 5934.61 3688.63 13702.6 13501 10159.5 18041.9 10102.8 7173.34 7083.45 14415.9 15971.5 15394.8 4845.71 11163.7 12772.7 13076.7 10060.2 3673.28 9052.34 13648.9 14059.5 15373.5 6727.45 722.19 13312.2 4502.51 6498.11 12825.4 14356.2 14476.2 8596.4 2703.11 17575.7 4068.74 9149.83 8388.33 12863.7 8936.4 277.772 2536.09 12382.5 15142.5 3758.58 18321.5 14248.3 9553.93 14447.7 13189.2 15274.1 8306.42 15671.5 12793.8 11103.8 18596.4 1615.72 1336.03 3723.07 15711.5 14449.6 16461.7 15019.5 15486.7 3516.68 749.217 12969.3 15396 17337.2 12953.3 13413.8 4831.27 4127.48 7412.88 455.459 721.088 4210.82 6677.23 11183.4 13579.3 11991.3 10976.5 1031.41 13906.8 14881.2 4328.85 4368.81 16351.7 7686.42 6434.83 448.464 4772.64 15209.1 13941.9 14608.1 11323.1 918.477 5448.87 15169.5 5737.69 5689.84 516.678 2537.88 12212.9 18483.6 1189.96 15656.3 5545.17 5608.29 14544.8 6375.2 9636.87 5972 11258.9 2634.65 9379.01 18108.7 5257.91 5599.69 3893.95 6584.93 3756.67 13712.1 13561.9 13488.2 12767 1804.52 14371.4 
9194.68 15236.6 13856.5 14459 12620.6 6845.99 8547.23 7064.57 14682.8 9364.51 3061.51 14847.4 10383.7 984.026 1 16506 13873.6 5295.53 7597.71 11467 10071.9 9984.79 12642.7 3065.56 6025.5 7080.42 2507.2 17755.7 6888.22 7563.98 13198.3 11340.2 12939.3 11061.5 18065.8 10675.8 5695.44 12492 13561.7 14290.7 14750.7 14038.6 7920.52 11411.9 4977.75 347.382 7761.1 13354.9 9574.27 6603.49 5097.45 6867.18 12069.5 8406.56 14611.8 673.741 5010.42 11174.5 6410.26 13700.9 2809.59 299.998 6478.59 13646.7 727.662 15533.6 5699.59 1084.66 9778.51 14736.8 13830.4 3257.07 10318.4 6296.28 5686 4361.25 13932.9 13661.9 11136.2 17887.7 10615.3 7157.11 8025.04 15389.4 14999 15503.2 5319.21 11738.5 12180.5 12993 9430.98 4552.5 9225.03 13730.3 14098.3 15442.4 6349.45 264.116 13196.4 4737.48 6383.8 13306.1 14404.3 14541.4 7621.83 2521.9 16974.7 5041.25 8535.72 9018.07 12848.6 8917.91 729.022 1814.23 12051.7 15214 3691.6 17343.7 14489.3 10386.1 14543.5 13056.6 14387.8 9176.44 15869.9 11848.5 11633.8 17908.7 1067.18 488.347 4705.31 15769.4 14004.4 16403.5 15257 15040.4 3965.79 278.026 13088.7 15234.2 17518.4 13089.3 14344.7 4958.51 3481.54 6548.53 1235.24 286.4 4397.08 7548.35 10466 13784.9 12966.4 10281.4 409.632 13953 15757.5 4270.93 4170.41 15679 7302.49 6222.33 1144.09 5749.6 15081.8 14190.7 14726.5 12215.4 126.223 5062.97 15282.6 5641.22 5666.83 1182.77 1558.11 12626.9 18752.3 479.148 14964.3 5475.91 4880.26 14627.5 7268.16 9752.28 6952.75 10777.9 2288.38 9366.69 17433.5 5425.59 6063.75 3150.95 7459.74 3879.58 13781.4 13667.9 12877.3 12585 2282.92 13436.8 
7602.18 5363.83 3292.91 2664.41 3924.21 14565.7 8366.77 11297.7 2227.34 7187.87 18641.3 1820.35 7305.87 15978.7 16506 1 3106.18 17789.9 9668.11 11856.2 8078.73 10269.9 4050.66 13532 16840 9681.45 18418.4 5132 16544.4 13559.5 3995.05 5365.67 10093.1 5514.68 5474.15 12852.4 16271.8 10462.7 3107.92 8040.42 2260.33 2719.63 13937.6 5168.15 13746.1 16306.2 15777 3322.5 7170.14 10791.7 17600.5 15792.9 5134.15 15148.6 2247.25 16426.7 15356.6 6842.93 16501.8 3141.59 16360.3 16221.7 16932.4 3306.4 16281.9 3649.19 17748.8 15562.7 10737.2 8715.96 2685.15 19569.3 8498.4 10699.3 17620 15434.3 2835.52 3217.99 7898.99 2605.06 5904.51 15809.3 9515.61 4678.89 6849.94 7800.54 15638.4 10115.1 11325.6 4387.96 14037.4 14345.8 7422.75 3338.21 3141.59 2098.06 17180.6 16400.8 4306.41 16839.1 16715.7 3201.17 2873.44 2719.63 13150.7 14160.6 6508.31 13190.4 9872.86 12196.5 10468.4 14208.9 16209 15458 5900.52 2226.88 18284.3 5396.57 2317.26 6692.37 2632.33 10391.9 8585.78 8009.7 1442.53 9107.45 4891.68 5498.86 17537.2 16983.9 13229 1968.92 4778.36 7088.68 1697.73 4103.05 12553.8 16500.2 3820.24 2987.05 5879.73 3786.53 3768.82 17082 19501 12767 16181.7 16459.9 17178.5 9577.52 12870.2 3017.11 6431.79 8749.72 16847.2 3239.75 5498.25 18071.4 18597.8 4605.98 16246.4 17066.5 16271.5 11999.9 2958.33 2566.87 2428.14 8088.33 16564.4 12202.9 2051.48 17295.9 17071.4 16312.5 16754.5 3889.64 4746.94 16130.1 5125.35 17349.7 13347.5 2604.29 12174.1 6978.31 11028 12790.1 18558.7 13777.7 5989.02 16649.9 15171.2 19001.2 12151.6 12681.9 3324.22 3333.64 6272.16 10894.4 16736.2 9248.51 
4680.79 5137.95 381.966 606.4 1953.66 12638.2 7538.47 11623.8 881.626 4720.51 16931.4 1386.72 4272.85 13746.5 13873.6 3106.18 1 19148.6 6573.28 12972 8931.9 12395.6 1406.3 11397.2 19548.4 6795.99 16374.9 8127.86 18879.3 11647.8 936.696 2586.11 13137.1 3069.13 8117.77 15319.8 14281.7 11167.5 907.002 8498.81 891.793 629.869 16557.5 2743.13 10724.2 13586.3 16777.4 956.674 6204.53 10207.1 18882 14702.2 5597.94 16500.9 863.454 14084.6 16039.5 7849.24 15468.8 359.404 15333.7 13645.7 19133.3 228.465 13961.5 3166.62 17105.7 12807.3 12961.8 11457.2 2302.33 16924.1 5917.22 7682.41 19263.6 15542.5 565.719 296.46 9578.31 4311.08 4264.72 18911.4 9372.06 7508.78 7164.62 10685.7 16737.9 13085.4 13033.2 1414.16 15169.1 14209.5 4696.07 278.055 543.445 1632.22 18583.3 13871.7 1458.48 17648.1 19816.4 2216.87 707.257 773.116 11076.5 11359.9 8643.07 12875.7 6968.61 14654.9 13355.6 17256.1 13881.4 12469.2 3117.27 1403.65 17504 6942.15 825.616 6510.44 708.811 13124.1 9660.14 7704.46 2001.55 7995.82 3539.3 7646.79 14922.3 14279.2 12628.2 1969.64 3111.24 9787.48 1446.98 3224.84 10279 13978.5 786.375 2070.86 8680.37 794.419 5759.01 18198.7 16499.3 9986.93 14121.7 13943.2 17601.9 8872.72 13835.8 451.41 8649.79 6265.23 14276.4 451.413 8542.09 18070.7 18038.8 4497.71 18059.7 19559.9 14166.7 11541.5 1841.64 707.255 863.455 10564 13970.4 9131.23 1425.94 19472.7 19262.1 14229.9 13704.6 2211.67 7453.71 13417.8 4555.59 19256.4 10264.6 813.83 13249.5 4130.69 11039.8 14709.8 16146 16810.6 8086.53 18286.5 16818.4 15941 13378.2 10033 321.135 228.466 4377.47 13563.8 15306.3 9833.16 
14480.9 15197.6 18996.3 19606.5 17585 6967.73 12115.6 8260.3 19874.9 14542.2 2250.39 19274.6 14973.7 5474.52 5295.53 17789.9 19148.6 1 12585.7 7523.64 11177.4 8061.61 17889.9 7870.05 965.063 12365.9 2806.12 12803.2 1729.25 7983.34 18294.4 16622.8 7793.65 16231.2 12783.9 5498.12 5262.22 9256.23 18704.1 11919.4 20010.2 19231.9 4038.72 16573.8 8518.67 5576.22 3522.11 18536.4 13446.3 9452.45 624.511 5082.28 14501 3938.54 19760.8 5116.28 3786.89 12334.3 4289.92 18989.6 4061.62 5530.96 1336.13 18927.7 5243.92 17226.4 2594.9 6355.14 7523.63 9445.12 17843 2229.67 13549.5 11467.2 557.25 4133.61 19156.1 18956.4 10774.3 16519.8 15249 1993.01 10431 13255.1 13250.3 10237.5 3185.95 7716.95 7622.33 17889.9 5264.63 5460.35 14503.7 18944.3 19121.8 19127.2 1585.81 5308.43 17939.2 2052.72 1114.56 17700.1 19331.4 19457.9 8512.61 7802.32 12170.2 6789.93 12343.5 5899.11 7563.07 3674.57 5324.07 6680.4 16287 19309.2 1738.4 13779.9 19613.5 13360.7 19596.6 7770.28 10894.6 12094.6 18913.6 11967.7 16101.8 13180.8 4240.47 4881.09 6967.73 18820 16829.3 11114.5 19478.5 17022 8972.61 5201.5 18374.7 18328.2 12238 18381.9 14777.7 1520 2716.24 9365.29 5119.59 5237.71 1959.91 10784.1 6593.92 19051.7 11893.7 13238.3 4895.76 19042.8 12308.7 1220.25 1126.72 15906.7 2418.45 965.065 5066.78 8120.83 18520.2 19346.5 19742 10044.5 5201.92 10022.2 19387.1 514.981 831.848 5005.78 5449.27 17419.6 13458.6 5746.24 15702.5 557.247 8940.97 19560.3 6824.62 15046.7 8767.14 5970.18 3014.5 4119.54 12726.3 1684.13 3320.48 3267.68 6742.69 9153.89 18964.1 18926.6 15407.1 7316.41 4008.61 10587.9 
2474.44 8721.88 6440.13 7078.39 6222.62 8115.01 7330.54 10605.9 7453.39 3843.51 10544 7868.9 2847.99 7862.77 7597.71 9668.11 6573.28 12585.7 1 13346.4 10749.3 14518.8 5749.57 6301.17 13471.5 1798.61 10021.6 14627 13721.1 7606.3 5738.72 4541.42 19266.4 4805.61 14149.9 16196.8 8998.52 12154.8 6650.34 10838.1 7450.16 6964.26 15330.6 5058.68 4553.21 7265.22 13071.8 6442.41 6883.13 8518.39 12570.4 10256.9 9062.2 13615.9 7424.49 8026.72 12116.8 10632.3 10615.6 6530.6 10035.9 7447.55 13389.9 6366.03 7947.09 8069.48 11450 6524.47 14886.6 16908.4 7753.98 10357.7 4033.02 1445.5 12786.9 11319.8 6848.02 6451.43 12544.5 10309.3 5776.57 14575.4 9071.79 13468 10128.1 16778.6 12666.9 17727 14595.9 5447.03 13467.5 10625.7 3114.1 6361.1 6643.42 7952.06 12951.7 7684.63 5623.5 12320.3 13688.4 7217.8 6944.99 7095.54 7000.97 5166.36 13739.1 9912.22 2706.19 15556.7 18260 16183.1 7876.07 5963.06 4521.82 7738.1 11225.6 11810.1 7352.13 8288.16 7138.23 17530.9 12358.2 8331.18 8499.73 7848.17 6424.38 13080.6 8544.23 7907.11 9372.44 8253.94 6623.06 15613.1 8015.02 7643.76 5331.17 7782.59 5850.03 7637.55 14874 5887.71 11042 12552.3 9978.92 4706.69 8314.81 7756.65 11990.6 7885.48 13157.2 6660.93 13146.1 4331.39 8001.44 6516.17 14846.1 11786.4 11540.6 8720.45 13639.6 13334.3 8306.04 9202.19 7488 7113.48 7340.59 14788.2 7714.91 2580.95 7849.8 13035.4 13153.6 8373.85 7140.68 6451.04 13658 7119.58 8140.43 12918 3893.82 7198.9 12380.8 3129.82 9864.02 15045.3 9705.6 16591.6 13310.2 13022.2 13410.9 9421.43 12692 4368.85 6389.14 6346.9 5991.19 17304.1 9666.2 11521.9 
15062.7 7859.25 12686.1 12473.1 14916.6 6000.58 19361 15085.8 12667.3 16546.9 9302.98 12931.8 12301.3 12196.5 11467 11856.2 12972 7523.64 13346.4 1 15983.1 12008.9 14292.2 14523.1 7523.64 15045.6 9729.35 8201.29 5912.53 6088.13 12854.7 14902.9 6098.63 15693.1 6988.16 3493.38 6189.87 1858.99 13800.7 4486.49 12492.3 13296.8 8933.72 15480.7 9996.8 11532.1 4066.12 13911.9 19024.5 16876.2 8095.12 4784.38 16385.6 3586.24 12782.1 11733 11019.2 15902.4 5090.48 13321.5 11522.6 11765.5 6239.69 13130.6 11877.4 9807.1 5894.12 12070.7 11514.3 5034.11 14404.9 8597.73 9946.72 13923.9 6967.73 11564.8 13340.2 13266.5 14164.8 9349.84 17222.7 6913.94 17296.3 11633.1 5814.24 6078.8 10279.1 8967.73 1312.26 12559.9 2272.86 12896 15827.1 12879 12446.2 11611.9 5955.3 11648.7 12283.7 9456.26 6967.73 14773 12275.4 12246.9 6592.05 13021.2 5517.18 14226 10703.8 10158.9 4975.96 5926.71 11942.3 11514.3 11623.2 11787.3 9103.78 6485.11 12936.4 17966.7 12363.1 4320.52 3384.32 18400.7 11680.7 6109 16454 6455.12 10583.7 10989.3 14473.4 11337.3 10177 5903.09 12298.5 9778.63 15229 11566 13488.5 10912.9 7019.06 13564.2 13850.5 8901.49 8070.81 9018.19 12037.4 11605.5 9456.29 18181.4 1015.85 13357.8 13169.1 9532.55 11223.4 12576.3 10182.3 8702.97 8359.58 8475.5 5125.61 6680.4 11944.1 15553.8 11138.8 13204.7 12313.6 11879.7 11452.4 12773.6 11878.5 7570.17 7845.22 11906.4 10391.9 15129.3 7672.46 11686.1 8480.74 7793.96 10787.1 12252.8 13121.9 15292.9 15816.8 2179.18 9661.85 5754.92 5971.07 8796.31 9958.34 8327.01 12866.9 14448.4 12791.8 13028.8 9503.19 3974.94 11332.3 3164.14 
8843.31 13421.8 9309.51 9148.08 7253.9 16913.3 3436.33 3238.57 8702.4 7276.14 10563.6 8144.91 11378.4 9096.51 10071.9 8078.73 8931.9 11177.4 10749.3 15983.1 1 4184.95 8109.02 7691.14 10628 9038.62 10434.1 9124.11 12111.2 17458.5 9531.83 8194.86 9893.05 7419.13 10667.5 12764.2 15575.2 16744.5 8044.11 15715.3 8891.95 8355.67 8048.42 7453.43 13568.9 10206.9 14229.4 8063.3 3999.91 3628.16 10567.3 16154.5 3340.7 14205.5 8598.91 9500.81 7474.45 1236.87 15375.9 8598.91 8364 9834.62 11996.1 8891.95 9392.63 11517 13722.7 10056.5 4748.57 11295.1 6690.23 11498 13820.7 10094.5 11636.9 7382.57 8384.33 8702.4 1852.02 10507.9 5771.45 10640.1 2276.5 5531.25 14799.4 10406.8 8000.22 7034.04 14708.3 9995.57 15200.8 6278.32 8056.54 9154.43 9442.72 9529.43 12561.6 9814.48 10196 9197.8 11080.5 6717.94 9442.72 9380.42 17191.9 9777.9 12349.2 5240.98 13362.5 6368.78 11014.9 10846 9366.95 10987.9 11479.8 9474.37 10326 12661.6 8482.47 2806.64 9228.64 11690.8 15299.8 2419.19 9088.87 16922.4 5834.84 11836.5 10456.9 10412.4 5441.39 9637.37 12024.2 11014.3 8731.38 11838 7614.89 9843.93 8827.53 10519.2 10262.4 8731.36 4464.77 9681.52 12376.9 14874.9 8973.71 9816.58 9413.96 3295.76 16040.4 8482.47 3295.71 14255.2 10086.9 9380.41 6630.32 10402.9 10951.4 12657.7 12898.2 11587.7 9082.8 4325 10358.8 8355.68 9154.43 4142.49 10013.9 11014.2 9301.17 10843.4 10475.2 9079.49 11587.8 6915.88 10222.9 10125.1 13082.4 10675.9 12853.4 9309.52 4354.35 8455.01 3141.44 14097 10728.5 10845.5 12177 9505.07 7904.83 12483.4 4453.83 8765.7 9228.81 9007.81 13274.7 12011.3 8842.94 16412.1 
12977.3 14846.1 12765.3 12374.4 11112.5 15025.2 7358.1 4065.43 11848.7 11426.4 8601.16 11217.4 15557.5 9138.21 9984.79 10269.9 12395.6 8061.61 14518.8 12008.9 4184.95 1 11968.4 9251.86 7237.25 12721.2 8797.58 8092.71 8395.41 16031.7 13205.7 12304 6248.47 11559.1 9498.64 8613.94 13320.3 13396.8 11627.7 14406.4 12004.3 11767.1 4201.64 11552.9 14942.4 10286.4 10322.6 11715.9 8157.02 6053.26 7570.13 12951.3 7094.3 10154.9 11777.1 9315.38 5299.57 4866.95 12206.5 12132 7267.18 9907.79 8412.59 12438.2 9289.25 13822.8 10573 10632.3 594.249 8292.38 10120.7 9421.64 17995.4 13444.3 8350.13 5740.94 11835.5 12247.5 2887.68 11744.4 9942.25 6865.22 5466.48 5800.75 14610.4 7815.1 5397.2 3230.13 10869 13712.4 11032.1 5467.24 12194.4 12662.8 12799.3 12288.4 9034.06 9747.51 13834.2 6570.76 7539.54 10350.8 12675.6 12559.7 16572.7 11252.4 10788.4 5429.88 17212.3 2325.75 7297.55 6714.43 9315.51 11666.8 15386.5 12346.6 8046.21 12234.1 11713.3 6981.64 12415.7 8029.34 13031.6 6466.22 11666.1 17610 9885.43 10910.3 9687.69 10042.5 5948.75 12225.1 15038.5 8860.7 11618.2 14323.4 9830.04 9708.13 12556.6 13247.5 8787.84 12461.9 6719.66 6850.44 10305.2 16531.2 8771.66 9704.65 6918.75 6643.49 11883.2 11987.1 3862.85 18429.9 9747.91 12796.5 5774.69 7815.22 8374.21 14299.3 9073.25 8094.72 8851.86 5633.92 13189.9 11708.1 12266.9 2298.98 9871.17 13656.1 12153.6 7594.66 7237.65 8807.23 11399.3 10766 9490.97 10316.8 14999.5 7505.38 14668 12456.4 2811.11 12630.3 4742.64 9960.16 9201.91 6676.77 10966.3 6478.71 4907.04 10703.6 2567.84 11052.6 12715.8 12543.3 16534.9 8208.69 7837.27 13987.1 
3553.12 6434.24 1626.54 1994.2 863.707 12845.7 6263.77 10487.2 2060.1 3349.31 15652.3 2243.08 4012.03 12417.4 12642.7 4050.66 1406.3 17889.9 5749.57 14292.2 8109.02 11968.4 1 10025.9 18235.4 5637.73 15100.5 9181.64 19468.2 11940.6 1490.18 1319.01 14108.8 1670.85 9369.54 16691 14293 12455.1 943.931 9806.9 2163.07 1397.21 16124.2 1339.01 10193.4 12381.7 17738.8 729.537 4947.14 8908.82 17486 15093.2 4893.13 17676.9 1978.06 12782.5 14767.8 7162.9 15757.6 1116.09 13928.9 12393.7 19096.3 1207.28 12652.7 4524.93 17082.1 11607.8 12560 12695.5 2124.56 15846.8 6131.9 6661.54 18327.6 14201.1 1293.74 1122.12 9081.84 5666.59 2931.68 18741.2 8198.44 7888.87 8482.53 11836.1 15503.6 13386.7 14430.8 1901.97 16399.3 12880.9 3419.59 1434.2 1883.14 3005.95 18693 12610.2 2133.39 16276.6 18785 1704.07 2106.64 2178.15 11317.7 10169.3 10014.4 11557.8 6765.45 14293.1 14512.8 18113.6 12572.6 11409 3429.59 2784.41 16157.6 8345.05 1849.01 5470.07 2102.61 14378.3 11032.8 6556.65 3260.04 8895.52 2363.36 9007.07 13707.6 13079.8 11275.8 3337.76 4188.81 11032.8 2621.2 4515.87 8919.13 12716.9 809.152 3455.49 9871.01 729.553 5747.63 16815.5 15672.4 9780.36 12771.9 12679.6 16202.4 7585.16 15093.2 1163.02 8515.74 6535.74 13034.1 1740.85 9136.52 16702.6 16780.3 5839.09 19037.9 18850.9 12824.1 10233.5 3224.82 1548.95 2226.91 10486.7 12729.2 8198.46 2774.08 18072.9 17879.8 12885.2 12708.3 1209.53 8675.32 12208 5815.69 17852.3 9613.19 2211.58 12266.7 2931.89 9844.28 16109.9 14929.2 17735.3 9457.8 16982.1 15747.8 15126.6 12443.7 8766.5 1519.99 1293.75 5200.29 14850.5 13916.2 11131.4 
6979.86 15021.8 11503 12001.4 9809.9 9321 5541 5365.28 12065.9 6680.44 5682.49 12064 9060.73 2464.59 3065.56 13532 11397.2 7870.05 6301.17 14523.1 7691.14 9251.86 10025.9 1 8356.94 5053.08 5157.61 16810.6 9584.25 9771.59 10969.8 8822.29 14458.3 8362.16 18353.2 13359.8 8534.21 15343.4 10863.7 16279.8 12184.6 11382.3 9099.67 8705.38 6120.49 2993.09 10770.5 10677.2 6512.53 4066.03 7487.52 9830.99 9083.17 11394.9 11971.6 2898.18 5885.55 8592.72 9442.36 11139.7 4071.09 2766.57 9176.57 11176.3 2754.24 14044 8742.44 2521.43 9321.29 16801.7 10853.1 6159.99 10090.6 4860.73 8356.91 5082.45 11293.1 11133.7 9201.87 15689.7 7640.76 9407.84 5440.77 13208.8 16180.4 16893.6 6524.32 12064.4 15219.2 10943.9 12482.1 4336.05 6756.15 11335.8 11770.5 13025 9184.34 2902.77 11208.7 6578.12 8834.06 10362.7 12051.2 12154.8 9599.15 2150.86 20039.3 3859.91 8338.32 9369.31 14888.4 11122.1 2679.71 3321.43 10653.3 12798.8 6133.54 18080.6 11827.7 7403.05 12105.1 15368.1 17085.2 6280.41 13249.4 13127.9 8645.44 19015.7 4016.28 3549.11 3321.72 13359.9 12785.8 18055.7 12591.4 13728.2 1135.48 2993.59 10641.2 13245.1 17889.4 10613.1 11506 7008.64 6524.17 7705.27 2762 2953.26 6361.74 4696.97 13527.7 11184.1 10943.9 10258 3342.3 11615.7 14262.3 6680.44 6790.94 14957.8 10141.6 8834.05 2826.25 3760.51 13031.7 11521.3 12246.7 11006.3 3090.47 4457.57 12798.8 8077.46 7974.15 2882.5 4207.94 9752.72 17802.5 2842.31 14427.5 7870.07 5581.38 12208.9 6516.7 7384.87 4915.47 13722.1 5098.07 11543.8 19482.6 7368.18 7225.59 6215.34 6805.65 1955.13 11407.1 11231.7 12290.3 15024.5 3923.54 15974.3 
15198 15372 19855.7 19502.6 17614.3 7793.96 12033 7927.01 19003.3 15005.6 2973.86 18394.2 15932.6 6067.56 6025.5 16840 19548.4 965.063 13471.5 7523.64 10628 7237.25 18235.4 8356.94 1 13094.1 3522.11 11961.7 1635.6 8795.42 19207.9 17172.7 6958.95 16610 12094.6 5034.64 6121.82 9339.65 18642.4 12004.4 19090 18971.6 3124.25 16920 9480.83 6328.91 3753.02 18600.2 13364.7 9368.26 929.048 5778.65 13965 4016.81 18966.2 5758.2 3523.1 11722.2 5002.78 19192.9 4356.96 6235.34 1397.88 19425.1 5874.05 17317 3338.83 7104.47 6680.4 8767.14 17283.5 3134.4 14464.5 12287.4 1114.56 4045.29 19010.6 19273.2 10026.9 15969.4 15328.6 1133.41 10182.4 12296.6 13336.1 9478.85 2816.69 6752.89 7409.77 18851 5344.92 5373.48 15102.1 19668 19952 18611.6 1934.63 6003.84 18898.2 1959.89 557.25 17338.3 19649.7 19508.4 9352.3 8546.35 11683.3 6704.11 13305.4 5012.4 6835.3 2895.34 5953.55 7523.63 17233.9 18839.9 2340.15 13442.5 18935.1 13039.1 19464.7 7122.69 10810.2 11849 18108.3 12527.1 16023.5 12661.7 5000.37 5646.74 6967.73 18280.9 17417.1 10431 18536.4 17289.9 9485.13 5897.93 18979.6 18384.7 11493.9 18932.1 13918.1 1425.01 3677.29 10317.3 5672.25 5931.33 2052.79 10700.7 6675.52 19100.3 11024 14134.8 5618.07 19971.4 11348.7 1759.35 1931.96 15995.1 2462.43 965.065 5635.92 8035.87 18615.2 18937.8 19259.2 9137.91 5921.94 10894.6 18753 457.131 383.793 5570.71 6335.74 17345.3 12732.2 6492.31 15964 557.25 9891.01 19409 6303.44 15702.5 8515.79 5729.59 3794.77 3343.75 12237.7 1277.97 2734.03 4225.84 6178.51 9812.48 19751.5 19525.6 16124.6 6708.37 4434.54 10672.1 
