NAME: 4ulysses16_d6
COMMENT: CGTSP with one truck and 6 drones.
COMMENT: created from GTSPLIB file 4ulysses16
TYPE : ACGTSP
DIMENSION : 16
CLUSTERS : 4
SUBCLUSTERS : 4
EDGE_WEIGHT_TYPE: EXPLICIT
EDGE_WEIGHT_FORMAT : FULL_MATRIX
EDGE_WEIGHT_SECTION
0 25.7209 31.5536 30.8569 28.3306 25.6904 24.9862 15.9632 20.4301 19.5389 17.4628 18.4688 15.2085 18.9562 20.4799 20.6639 
25.7209 0 5.88233 5.42148 3.34819 0.720278 1.41209 12.2995 9.50734 10.1785 10.9735 10.4669 12.4869 10.5202 9.45894 9.36803 
31.5536 5.88233 0 1.2919 4.48743 6.06684 6.59335 16.7559 11.1716 12.5138 14.104 13.0906 17.1306 13.1973 11.0748 10.893 
30.8569 5.42148 1.2919 0 4.83011 5.74943 5.88367 16.3883 10.5983 12.1122 13.4684 12.3961 16.2338 12.2852 10.4021 10.2571 
28.3306 3.34819 4.48743 4.83011 0 2.96142 4.72055 12.8835 8.5774 9.27617 11.007 10.2404 14.8749 11.2033 8.529 8.43809 
25.6904 0.720278 6.06684 5.74943 2.96142 0 2.03961 12.4225 9.63035 10.3015 11.0965 10.5899 12.6099 10.6432 9.58194 9.49104 
24.9862 1.41209 6.59335 5.88367 4.72055 2.03961 0 12.7735 9.98135 10.6525 11.4475 10.9409 12.9609 10.9942 9.93295 9.84204 
15.9632 10.9669 16.7559 16.3883 12.8835 10.6926 10.7673 0 6.13822 4.28118 5.58236 5.56853 7.88265 8.08926 6.77999 6.7041 
20.4301 9.57558 12.4701 12.2863 10.5339 9.43845 9.4758 6.13822 0 2.19155 6.29266 6.87641 8.03347 8.13678 7.48214 7.4442 
19.5389 8.33755 12.5138 12.1122 9.29587 8.20042 8.23777 4.28118 2.19155 0 5.05463 5.63838 7.75861 6.89875 6.24411 6.20617 
17.4628 9.05251 14.104 13.4684 11.007 9.16413 8.51132 7.13973 6.75801 7.07771 0 1.25936 4.7976 3.71102 3.07761 3.21461 
18.4688 9.11848 13.0906 12.3961 10.7018 9.2301 8.57729 7.20569 6.82398 7.14367 1.25936 0 4.89655 2.75065 2.02062 2.25621 
15.2085 11.7082 17.1306 16.2338 14.8749 11.9315 10.6258 7.99719 7.11922 7.75861 4.7976 4.89655 0 3.95046 6.63163 6.9677 
18.9562 8.48775 13.1973 12.2852 11.2033 8.59937 7.94656 8.08926 6.19325 6.51294 3.71102 2.75065 3.95046 0 3.40828 3.7961 
20.4799 10.2752 12.9864 12.538 11.8585 10.3868 9.73401 8.36241 7.9807 8.30039 3.07761 2.02062 6.63163 3.40828 0 0.38833 
20.6639 10.4992 13.2104 12.7621 12.0826 10.6109 9.95806 8.58646 8.20475 8.52444 3.21461 2.25621 6.9677 3.7961 0.38833 0 
CGTSP_NODE_SECTION
1	1 1
2	2 1
3	2 1
4	2 1
5	2 1
6	2 1
7	2 1
8	3 1
9	3 1
10	3 1
11	4 1
12	4 1
13	4 1
14	4 1
15	4 1
16	4 1
-1
EOF
